1) 0 0 0 0 25 e  in component 0 = -1.0000000
   81BuKaKr.1  10.202584749480256  0.0000005  10.2025847  0 0 0 0 26 e   -1.0000000

2) 0 0 0 0 26 e  in component 0 = -1.0000000
   81BuKaKr.1  10.202584749480256  0.0000005  10.2025847  0 0 0 0 25 e   -1.0000000

3) 0 0 0 0 27 e  in component 1 = -1.0000000
   81BuKaKr.2  10.98691148527826  0.0000005  10.9869115  0 0 0 0 28 e   -1.0000000

4) 0 0 0 0 28 e  in component 1 = -1.0000000
   81BuKaKr.2  10.98691148527826  0.0000005  10.9869115  0 0 0 0 27 e   -1.0000000
   81BuKaKr.3  11.379034125001237  0.0000005  11.3790341  0 0 0 0 29 e   -1.0000000

5) 0 0 0 0 29 e  in component 1 = -1.0000000
   81BuKaKr.3  11.379034125001237  0.0000005  11.3790341  0 0 0 0 28 e   -1.0000000
   81BuKaKr.4  11.771127778004342  0.0000005  11.7711278  0 0 0 0 30 e   -1.0000000

6) 0 0 0 0 30 e  in component 1 = -1.0000000
   81BuKaKr.4  11.771127778004342  0.0000005  11.7711278  0 0 0 0 29 e   -1.0000000

7) 0 0 0 0 31 e  in component 2 = -1.0000000
   81BuKaKr.5  12.555228657553487  0.0000005  12.5552287  0 0 0 0 32 e   -1.0000000

8) 0 0 0 0 32 e  in component 2 = -1.0000000
   81BuKaKr.5  12.555228657553487  0.0000005  12.5552287  0 0 0 0 31 e   -1.0000000

9) 0 0 0 0 40 e  in component 3 = -1.0000000
   81BuKaKr.6  16.082034158444372  0.0000005  16.0820342  0 0 0 0 41 e   -1.0000000

10) 0 0 0 0 41 e  in component 3 = -1.0000000
   81BuKaKr.6  16.082034158444372  0.0000005  16.0820342  0 0 0 0 40 e   -1.0000000
   81BuKaKr.7  16.47371509259249  0.0000005  16.4737151  0 0 0 0 42 e   -1.0000000

11) 0 0 0 0 42 e  in component 3 = -1.0000000
   81BuKaKr.7  16.47371509259249  0.0000005  16.4737151  0 0 0 0 41 e   -1.0000000

12) 0 1 0 1 25 f  in component 4 = -1.0000000
   81BuKaKr.8  10.215308351753132  0.0000025  10.2153084  0 1 0 1 26 e   -1.0000000

13) 0 1 0 1 26 e  in component 4 = -1.0000000
   81BuKaKr.8  10.215308351753132  0.0000025  10.2153084  0 1 0 1 25 f   -1.0000000
   81BuKaKr.9  10.607966094997627  0.0000025  10.6079661  0 1 0 1 27 f   -1.0000000

14) 0 1 0 1 27 f  in component 4 = -1.0000000
   81BuKaKr.9  10.607966094997627  0.0000025  10.6079661  0 1 0 1 26 e   -1.0000000

15) 0 1 0 1 28 e  in component 5 = -1.0000000
   81BuKaKr.10  11.393212833926595  0.0000025  11.3932128  0 1 0 1 29 f   -1.0000000

16) 0 1 0 1 29 f  in component 5 = -1.0000000
   81BuKaKr.10  11.393212833926595  0.0000025  11.3932128  0 1 0 1 28 e   -1.0000000
   81BuKaKr.11  11.785795992239404  0.0000025  11.7857960  0 1 0 1 30 e   -1.0000000

17) 0 1 0 1 30 e  in component 5 = -1.0000000
   81BuKaKr.11  11.785795992239404  0.0000025  11.7857960  0 1 0 1 29 f   -1.0000000
   81BuKaKr.12  12.178345694073464  0.0000025  12.1783457  0 1 0 1 31 f   -1.0000000

18) 0 1 0 1 31 f  in component 5 = -1.0000000
   81BuKaKr.12  12.178345694073464  0.0000025  12.1783457  0 1 0 1 30 e   -1.0000000

19) 0 1 0 1 40 e  in component 6 = -1.0000000
   81BuKaKr.13  16.102003806913647  0.0000025  16.1020038  0 1 0 1 41 f   -1.0000000

20) 0 1 0 1 41 f  in component 6 = -1.0000000
   81BuKaKr.13  16.102003806913647  0.0000025  16.1020038  0 1 0 1 40 e   -1.0000000
   81BuKaKr.14  16.494163805815287  0.0000025  16.4941638  0 1 0 1 42 e   -1.0000000

21) 0 1 0 1 42 e  in component 6 = -1.0000000
   81BuKaKr.14  16.494163805815287  0.0000025  16.4941638  0 1 0 1 41 f   -1.0000000

22) 0 1 0 1 25 e  in component 7 = -1.0000000
   81BuKaKr.15  10.225694637054545  0.0000025  10.2256946  0 1 0 1 26 f   -1.0000000

23) 0 1 0 1 26 f  in component 7 = -1.0000000
   81BuKaKr.15  10.225694637054545  0.0000025  10.2256946  0 1 0 1 25 e   -1.0000000
   81BuKaKr.16  10.618752657213278  0.0000025  10.6187527  0 1 0 1 27 e   -1.0000000

24) 0 1 0 1 27 e  in component 7 = -1.0000000
   81BuKaKr.16  10.618752657213278  0.0000025  10.6187527  0 1 0 1 26 f   -1.0000000
   81BuKaKr.17  11.01178352525466  0.0000025  11.0117835  0 1 0 1 28 f   -1.0000000

25) 0 1 0 1 28 f  in component 7 = -1.0000000
   81BuKaKr.17  11.01178352525466  0.0000025  11.0117835  0 1 0 1 27 e   -1.0000000
   81BuKaKr.18  11.404790043117096  0.0000025  11.4047900  0 1 0 1 29 e   -1.0000000

26) 0 1 0 1 29 e  in component 7 = -1.0000000
   81BuKaKr.18  11.404790043117096  0.0000025  11.4047900  0 1 0 1 28 f   -1.0000000

27) 0 1 0 1 30 f  in component 8 = -1.0000000
   81BuKaKr.19  12.19070604504667  0.0000025  12.1907060  0 1 0 1 31 e   -1.0000000

28) 0 1 0 1 31 e  in component 8 = -1.0000000
   81BuKaKr.19  12.19070604504667  0.0000025  12.1907060  0 1 0 1 30 f   -1.0000000

29) 0 1 0 1 40 f  in component 9 = -1.0000000
   81BuKaKr.20  16.118341042455445  0.0000025  16.1183410  0 1 0 1 41 e   -1.0000000

30) 0 1 0 1 41 e  in component 9 = -1.0000000
   81BuKaKr.20  16.118341042455445  0.0000025  16.1183410  0 1 0 1 40 f   -1.0000000
   81BuKaKr.21  16.5108945802766  0.0000025  16.5108946  0 1 0 1 42 f   -1.0000000

31) 0 1 0 1 42 f  in component 9 = -1.0000000
   81BuKaKr.21  16.5108945802766  0.0000025  16.5108946  0 1 0 1 41 e   -1.0000000

32) 0 0 0 0 0 e  in component 10 = 0.0000000
   80MeDr.1  0.39251828009629247  0.0000020  0.0000000  0 0 0 0 1 e   0.3925183

33) 0 0 0 0 1 e  in component 10 = 0.3925183
   80MeDr.1  0.39251828009629247  0.0000020  0.0000000  0 0 0 0 0 e   0.0000000
   80MeDr.2  0.7850422974950224  0.0000110  0.0000104  0 0 0 0 2 e   1.1775502
   14DuDeBu.1  0.7850317568696141  0.0000010  -0.0000001  0 0 0 0 2 e   1.1775502
   50PaCh.1  0.7850320904337094  0.0000023  0.0000002  0 0 0 0 2 e   1.1775502
   92MaLaFa.1  1041.279074  0.0000030  0.0000000  0 2 0 0 1 e   1041.6715923

34) 0 0 0 0 2 e  in component 10 = 1.1775502
   80MeDr.2  0.7850422974950224  0.0000110  0.0000104  0 0 0 0 1 e   0.3925183
   14DuDeBu.1  0.7850317568696141  0.0000010  -0.0000001  0 0 0 0 1 e   0.3925183
   50PaCh.1  0.7850320904337094  0.0000023  0.0000002  0 0 0 0 1 e   0.3925183
   92MaLaFa.2  1041.279074  0.0000030  -0.0000000  0 2 0 0 2 e   1042.4566242
   92MaLaFa.5  2037.12333  0.0000330  0.0000000  0 0 1 0 3 e   2038.3008802

35) 0 0 0 0 5 e  in component 11 = -1.0000000
   14DuDeBu.2  2.3550633151685223  0.0000010  2.3550633  0 0 0 0 6 e   -1.0000000
   92MaLaFa.3  2041.070255  0.0000330  2041.0702550  0 0 1 0 4 e   -1.0000000

36) 0 0 0 0 6 e  in component 11 = -1.0000000
   14DuDeBu.2  2.3550633151685223  0.0000010  2.3550633  0 0 0 0 5 e   -1.0000000

37) 0 0 0 0 10 e  in component 12 = -1.0000000
   14DuDeBu.3  4.317466185223378  0.0000010  4.3174662  0 0 0 0 11 e   -1.0000000

38) 0 0 0 0 11 e  in component 12 = -1.0000000
   14DuDeBu.3  4.317466185223378  0.0000010  4.3174662  0 0 0 0 10 e   -1.0000000

39) 0 0 0 0 12 e  in component 13 = -1.0000000
   14DuDeBu.4  5.102358378875562  0.0000010  5.1023584  0 0 0 0 13 e   -1.0000000

40) 0 0 0 0 13 e  in component 13 = -1.0000000
   14DuDeBu.4  5.102358378875562  0.0000010  5.1023584  0 0 0 0 12 e   -1.0000000

41) 0 2 0 0 1 e  in component 10 = 1041.6715923
   92MaLaFa.1  1041.279074  0.0000030  0.0000000  0 0 0 0 1 e   0.3925183

42) 0 2 0 0 2 e  in component 10 = 1042.4566242
   92MaLaFa.2  1041.279074  0.0000030  -0.0000000  0 0 0 0 2 e   1.1775502

43) 0 0 1 0 4 e  in component 11 = -1.0000000
   92MaLaFa.3  2041.070255  0.0000330  2041.0702550  0 0 0 0 5 e   -1.0000000

44) 0 0 0 0 3 e  in component 14 = -1.0000000
   92MaLaFa.4  2041.070255  0.0000330  2041.0702550  0 0 1 0 1 e   -1.0000000

45) 0 0 1 0 1 e  in component 14 = -1.0000000
   92MaLaFa.4  2041.070255  0.0000330  2041.0702550  0 0 0 0 3 e   -1.0000000

46) 0 0 1 0 3 e  in component 10 = 2038.3008802
   92MaLaFa.5  2037.12333  0.0000330  0.0000000  0 0 0 0 2 e   1.1775502

