2007.1451287	0.0334	0.0334	0	0	0	1	1	e	0	0	0	0	3	f	92MaLaFa.1
2007.1451287	0.0334	0.0334	0	0	0	1	1	f	0	0	0	0	3	e	92MaLaFa.2
2007.1451287	0.0334	0.0334	0	0	0	1	2	e	0	0	0	0	3	e	92MaLaFa.3
2007.1451287	0.0334	0.0334	0	0	0	1	4	f	0	0	0	0	3	e	92MaLaFa.4
2007.1451287	0.0334	0.0334	0	0	0	1	5	e	0	0	0	0	3	e	92MaLaFa.5
2003.1654362	0.0334	0.0334	0	1	1	1	2	f	0	1	0	0	1	e	92MaLaFa.6
2003.1654362	0.0334	0.0334	0	1	1	1	2	e	0	1	0	0	1	e	92MaLaFa.7
2003.1654362	0.0334	0.0334	0	1	1	1	2	f	0	1	1	0	1	e	92MaLaFa.8
1999.1520704	0.0334	0.0334	0	1	1	1	7	f	0	1	0	0	6	e	92MaLaFa.9
1999.1520704	0.0334	0.0334	0	1	1	1	7	e	0	1	0	0	6	e	92MaLaFa.10
1999.1520704	0.0334	0.0334	0	1	1	1	7	f	0	1	0	0	5	e	92MaLaFa.11
1999.1520704	0.0334	0.0334	0	1	1	1	7	e	0	1	0	0	5	e	92MaLaFa.12
1999.1520704	0.0334	0.0334	0	1	1	1	7	f	0	1	0	0	4	e	92MaLaFa.13
1999.1520704	0.0334	0.0334	0	1	1	1	7	e	0	1	0	0	4	e	92MaLaFa.14
1999.1520704	0.0334	0.0334	0	1	1	1	7	f	0	1	0	0	3	e	92MaLaFa.15
1999.1520704	0.0334	0.0334	0	1	1	1	7	e	0	1	0	0	3	e	92MaLaFa.16
1999.1520704	0.0334	0.0334	0	1	1	1	7	f	0	1	0	0	2	e	92MaLaFa.17
1999.1520704	0.0334	0.0334	0	1	1	1	7	e	0	1	0	0	2	e	92MaLaFa.18
2007.1451287	0.0334	0.0334	1	0	0	1	1	e	1	0	0	0	1	e	92MaLaFa.19
2007.1451287	0.0334	0.0334	1	0	0	1	1	f	1	0	0	0	1	e	92MaLaFa.20
1995.1051777	0.0334	0.0334	0	2	2	0	0	e	0	2	0	0	0	e	92MaLaFa.21
1995.1051777	0.0334	0.0334	0	2	2	0	1	e	0	2	0	0	0	e	92MaLaFa.22
1991.0249047	0.0334	0.0334	0	3	3	0	5	e	0	3	3	0	4	e	92MaLaFa.23
1991.0249047	0.0334	0.0334	0	3	3	0	5	e	0	3	3	0	3	e	92MaLaFa.24
1991.0249047	0.0334	0.0334	0	3	3	0	5	e	0	3	3	0	2	e	92MaLaFa.25
1991.0249047	0.0334	0.0334	0	3	3	0	5	e	0	3	3	0	1	e	92MaLaFa.26
1991.0249047	0.0334	0.0334	0	3	3	0	5	f	0	3	3	0	0	e	92MaLaFa.27
1989.0065210	0.0334	0.0334	0	3	3	0	3	f	0	3	3	0	2	e	92MaLaFa.28
1989.0065210	0.0334	0.0334	0	3	3	0	3	f	0	3	3	0	1	e	92MaLaFa.29
1989.0065210	0.0334	0.0334	0	3	3	0	3	f	0	3	3	0	0	e	92MaLaFa.30
1989.0065210	0.0334	0.0334	0	3	3	0	4	e	0	3	3	0	3	e	92MaLaFa.31
1989.0065210	0.0334	0.0334	0	3	3	0	4	e	0	3	3	0	2	e	92MaLaFa.32
1989.0065210	0.0334	0.0334	0	3	3	0	4	e	0	3	3	0	1	e	92MaLaFa.33
1989.0065210	0.0334	0.0334	0	3	3	0	4	e	0	3	3	0	0	e	92MaLaFa.34
1977.2741136	0.0334	0.0334	0	2	2	1	40	f	0	2	2	0	40	f	92MaLaFa.35
1977.2741136	0.0334	0.0334	0	2	2	1	40	e	0	2	2	0	39	e	92MaLaFa.36
1977.2741136	0.0334	0.0334	0	2	2	1	40	f	0	2	2	0	39	f	92MaLaFa.37
1977.2741136	0.0334	0.0334	0	2	2	1	40	e	0	2	2	0	38	e	92MaLaFa.38
1977.2741136	0.0334	0.0334	0	2	2	1	40	f	0	2	2	0	38	f	92MaLaFa.39
1977.2741136	0.0334	0.0334	0	2	2	1	40	e	0	2	2	0	37	e	92MaLaFa.40
1977.2741136	0.0334	0.0334	0	2	2	1	40	f	0	2	2	0	37	f	92MaLaFa.41
1977.2741136	0.0334	0.0334	0	2	2	1	40	e	0	2	2	0	36	e	92MaLaFa.42
1977.2741136	0.0334	0.0334	0	2	2	1	40	f	0	2	2	0	36	f	92MaLaFa.43
1977.2741136	0.0334	0.0334	0	2	2	1	40	e	0	2	2	0	35	e	92MaLaFa.44
1977.2741136	0.0334	0.0334	0	2	2	1	40	f	0	2	2	0	35	f	92MaLaFa.45
1977.2741136	0.0334	0.0334	0	2	2	1	40	e	0	2	2	0	34	e	92MaLaFa.46
1977.2741136	0.0334	0.0334	0	2	2	1	40	f	0	2	2	0	34	f	92MaLaFa.47
1977.2741136	0.0334	0.0334	0	2	2	1	40	e	0	2	2	0	33	e	92MaLaFa.48
1977.2741136	0.0334	0.0334	0	2	2	1	40	f	0	2	2	0	33	f	92MaLaFa.49
1977.2741136	0.0334	0.0334	0	2	2	1	40	e	0	2	2	0	32	e	92MaLaFa.50
1977.2741136	0.0334	0.0334	0	2	2	1	40	f	0	2	2	0	32	f	92MaLaFa.51
1977.2741136	0.0334	0.0334	0	2	2	1	40	e	0	2	2	0	31	e	92MaLaFa.52
1977.2741136	0.0334	0.0334	0	2	2	1	40	f	0	2	2	0	31	f	92MaLaFa.53
1977.2741136	0.0334	0.0334	0	2	2	1	40	e	0	2	2	0	30	e	92MaLaFa.54
1977.2741136	0.0334	0.0334	0	2	2	1	40	f	0	2	2	0	30	f	92MaLaFa.55
1977.2741136	0.0334	0.0334	0	2	2	1	40	e	0	2	2	0	29	e	92MaLaFa.56
1977.2741136	0.0334	0.0334	0	2	2	1	40	f	0	2	2	0	29	f	92MaLaFa.57
1977.2741136	0.0334	0.0334	0	2	2	1	40	e	0	2	2	0	28	e	92MaLaFa.58
1977.2741136	0.0334	0.0334	0	2	2	1	40	f	0	2	2	0	28	f	92MaLaFa.59
1977.2741136	0.0334	0.0334	0	2	2	1	40	e	0	2	2	0	27	e	92MaLaFa.60
1977.2741136	0.0334	0.0334	0	2	2	1	40	f	0	2	2	0	27	f	92MaLaFa.61
1977.2741136	0.0334	0.0334	0	2	2	1	40	e	0	2	2	0	26	e	92MaLaFa.62
1977.2741136	0.0334	0.0334	0	2	2	1	40	f	0	2	2	0	26	f	92MaLaFa.63
1977.2741136	0.0334	0.0334	0	2	2	1	40	e	0	2	2	0	25	e	92MaLaFa.64
1977.2741136	0.0334	0.0334	0	2	2	1	40	f	0	2	2	0	25	f	92MaLaFa.65
1977.2741136	0.0334	0.0334	0	2	2	1	40	e	0	2	2	0	24	e	92MaLaFa.66
1977.2741136	0.0334	0.0334	0	2	2	1	40	f	0	2	2	0	24	f	92MaLaFa.67
1977.2741136	0.0334	0.0334	0	2	2	1	40	e	0	2	2	0	23	e	92MaLaFa.68
1977.2741136	0.0334	0.0334	0	2	2	1	40	f	0	2	2	0	23	f	92MaLaFa.69
1977.2741136	0.0334	0.0334	0	2	2	1	40	e	0	2	2	0	22	e	92MaLaFa.70
1977.2741136	0.0334	0.0334	0	2	2	1	40	f	0	2	2	0	22	f	92MaLaFa.71
1977.2741136	0.0334	0.0334	0	2	2	1	40	e	0	2	2	0	21	e	92MaLaFa.72
1977.2741136	0.0334	0.0334	0	2	2	1	40	f	0	2	2	0	21	f	92MaLaFa.73
24247.82	0.03	0.03	0	0	0	0	2	e	0	0	0	0	1	e	49StWeKy.1
24300.58	0.03	0.03	1	1	1	0	2	e	0	1	1	0	1	e	49StWeKy.2
24274.84	0.03	0.03	1	1	1	0	2	e	0	1	1	0	1	e	49StWeKy.3
24247.668	0.010	0.010	0	0	0	0	2	e	0	0	0	0	1	e	73MaJo.1
121233.30	0.030	0.030	1	0	0	0	10	e	1	0	0	0	9	e	73MaJo.2
24316.962	0.020	0.020	0	1	0	0	2	e	0	0	0	0	1	e	73MaJo.3
121580.46	0.070	0.070	0	2	0	0	10	e	0	2	0	0	9	e	73MaJo.4
24175.751	0.020	0.020	1	0	0	0	2	e	1	0	0	0	1	e	73MaJo.5
36263.46	0.100	0.100	1	0	0	0	3	e	1	0	0	0	2	e	73MaJo.6
120873.34	0.050	0.050	1	0	0	0	10	e	1	0	0	0	9	e	73MaJo.7
24254.68	0.050	0.050	1	2	0	0	2	e	1	2	0	0	1	e	73MaJo.8
24102.54	0.040	0.040	2	0	0	0	2	e	2	0	0	0	1	e	73MaJo.9
36153.67	0.100	0.100	2	0	0	0	3	e	2	0	0	0	2	e	73MaJo.10
22679.38	0.080	0.080	0	0	0	1	2	e	0	0	0	1	1	e	73MaJo.11
24247.668	0.010	0.010	0	0	0	0	2	e	0	0	0	0	1	e	74Ma.1
36371.390	0.030	0.030	0	0	0	0	3	e	0	0	0	0	2	e	74Ma.2
48494.76	0.040	0.040	0	0	0	0	4	e	0	0	0	0	3	e	74Ma.3
84865.166	0.010	0.010	0	0	0	0	7	e	0	0	0	0	6	e	74Ma.4
121233.301	0.010	0.010	0	0	0	0	10	e	0	0	0	0	9	e	74Ma.5
169719.648	0.010	0.010	0	0	0	0	14	e	0	0	0	0	13	e	74Ma.6
181840.209	0.010	0.010	0	0	0	0	15	e	0	0	0	0	14	e	74Ma.7
24175.751	0.020	0.020	1	0	0	0	2	e	1	0	0	0	1	e	74Ma.8
36263.46	0.010	0.010	1	0	0	0	3	e	1	0	0	0	2	e	74Ma.9
120873.34	0.005	0.005	1	0	0	0	10	e	1	0	0	0	9	e	74Ma.10
24208.276	0.040	0.040	1	1	1	0	2	e	1	1	1	0	1	e	74Ma.11
24236.538	0.040	0.040	1	1	1	0	2	e	1	1	1	0	1	e	74Ma.12
24300.64	0.005	0.005	0	1	1	0	2	e	0	1	1	0	1	e	74Ma.13
36450.876	0.020	0.020	0	1	1	0	3	e	0	1	1	0	2	e	74Ma.14
24316.962	0.020	0.020	0	2	2	0	2	e	0	2	2	0	1	e	74Ma.15
24254.68	0.005	0.005	1	2	0	0	2	e	1	2	0	0	1	e	74Ma.16
36400.79	0.010	0.010	0	2	2	0	3	e	0	2	2	0	2	e	74Ma.17
24373.26	0.005	0.005	0	3	1	0	2	e	0	3	1	0	1	e	74Ma.18
24368.76	0.010	0.010	0	4	0	0	2	e	0	4	0	0	1	e	74Ma.19
60932.540	0.025	0.025	0	3	1	0	5	e	0	3	1	0	4	e	74Ma.20
60950.15	0.006	0.006	0	4	2	0	5	e	0	4	2	0	4	e	74Ma.21
24110.60	0.010	0.010	0	0	0	1	2	e	0	0	0	1	1	e	74Ma.22
36165.72	0.010	0.010	0	0	0	1	3	e	0	0	0	1	2	e	74Ma.23
60915.415	0.020	0.020	0	3	3	0	5	e	0	3	3	0	4	e	74Ma.24
1016.7110475	0.0001001	0.0001001	0	2	0	0	2	e	0	1	0	0	1	e	87LaVaFa.1
1016.7209416	0.0000167	0.0000167	0	2	0	0	0	e	0	0	0	0	0	e	87LaVaFa.2
1033.4879987	0.0000033	0.0000033	0	3	0	1	27	e	0	1	0	1	26	e	87LaVaFa.3
1033.4879987	0.0000033	0.0000033	0	3	0	1	27	e	0	1	0	1	25	e	87LaVaFa.4
1033.4879987	0.0000033	0.0000033	0	3	0	1	27	e	0	1	0	1	24	e	87LaVaFa.5
1033.4879987	0.0000033	0.0000033	0	3	0	1	27	e	0	1	0	1	23	e	87LaVaFa.6
1033.4879987	0.0000033	0.0000033	0	3	0	1	27	e	0	1	0	1	22	e	87LaVaFa.7
1033.4879987	0.0000033	0.0000033	0	3	0	1	27	e	0	1	0	1	21	e	87LaVaFa.8
1033.4879987	0.0000033	0.0000033	0	3	0	1	27	e	0	1	0	1	20	e	87LaVaFa.9
1033.4879987	0.0000033	0.0000033	0	3	0	1	27	e	0	1	0	1	19	e	87LaVaFa.10
1023.1893747	0.0000100	0.0000100	0	3	0	1	2	e	0	1	0	1	1	e	87LaVaFa.11
1023.1893747	0.0000100	0.0000100	0	3	0	1	3	e	0	1	0	1	2	e	87LaVaFa.12
1023.1893747	0.0000100	0.0000100	0	3	0	1	2	e	0	1	0	1	1	e	87LaVaFa.13
1023.1893747	0.0005003	0.0005003	0	3	0	1	2	e	0	1	0	1	1	e	87LaVaFa.14
1021.0569119	0.0100	0.0100	0	3	0	1	1	e	0	1	0	1	2	e	87LaVaFa.15
1021.0569119	0.0667	0.0667	0	3	0	1	1	e	0	1	0	1	2	e	87LaVaFa.16
1021.0569119	0.0100	0.0100	0	3	0	1	1	e	0	1	0	1	2	e	87LaVaFa.17
1021.0569119	0.0100	0.0100	0	3	0	1	1	e	0	1	0	1	2	e	87LaVaFa.18
1021.0569119	0.5003	0.5003	0	3	0	1	2	e	0	1	0	1	3	e	87LaVaFa.19
1021.0569119	0.5003	0.5003	0	3	0	1	1	e	0	1	0	1	2	e	87LaVaFa.20
1021.0569119	0.5003	0.5003	0	3	0	1	2	e	0	1	0	1	3	e	87LaVaFa.21
1021.0569119	0.5003	0.5003	0	3	0	1	2	e	0	1	0	1	3	e	87LaVaFa.22
1018.9006930	0.0067	0.0067	0	3	0	1	7	e	0	1	0	1	8	e	87LaVaFa.23
1022.4778117	0.0100	0.0100	1	2	0	0	1	e	1	0	0	0	1	e	87LaVaFa.24
1029.4420917	0.0033	0.0033	0	4	0	2	5	e	0	2	0	2	4	e	87LaVaFa.25
1029.4420917	0.0033	0.0033	0	4	0	2	5	e	0	2	0	2	4	e	87LaVaFa.26
1027.3821712	0.0033	0.0033	0	4	0	2	2	e	0	2	0	2	2	e	87LaVaFa.27
1027.3821712	0.0033	0.0033	0	4	0	2	2	e	0	2	0	2	2	e	87LaVaFa.28
1027.3821712	0.0033	0.0033	0	4	0	2	2	e	0	2	0	2	2	e	87LaVaFa.29
1027.3821712	0.0033	0.0033	0	4	0	2	2	e	0	2	0	2	2	e	87LaVaFa.30
1027.3821712	0.0033	0.0033	0	4	0	2	3	e	0	2	0	2	3	e	87LaVaFa.31
1027.3821712	0.0033	0.0033	0	4	0	2	3	e	0	2	0	2	3	e	87LaVaFa.32
1027.3821712	0.0033	0.0033	0	4	0	2	3	e	0	2	0	2	3	e	87LaVaFa.33
1027.3821712	0.0033	0.0033	0	4	0	2	3	e	0	2	0	2	3	e	87LaVaFa.34
1027.3821712	0.0033	0.0033	0	4	0	2	3	e	0	2	0	2	3	e	87LaVaFa.35
1025.2978645	0.0033	0.0033	0	4	0	2	4	e	0	2	0	2	5	e	87LaVaFa.36
1025.2978645	0.0033	0.0033	0	4	0	2	4	e	0	2	0	2	5	e	87LaVaFa.37
1025.2978645	0.0033	0.0033	0	4	0	2	4	e	0	2	0	2	5	e	87LaVaFa.38
1025.2978645	0.0033	0.0033	0	4	0	2	4	e	0	2	0	2	5	e	87LaVaFa.39
1025.2978645	0.0033	0.0033	0	4	0	2	4	e	0	2	0	2	5	e	87LaVaFa.40
1027.3821712	0.0033	0.0033	0	2	0	2	2	e	0	4	0	2	2	e	87LaVaFa.41
1025.2978645	0.0033	0.0033	0	4	0	0	2	e	0	2	0	0	2	e	87LaVaFa.42
1007.7980724	0.0167	0.0167	1	3	0	1	2	e	1	1	0	1	3	e	87LaVaFa.43
1007.7980724	0.0167	0.0167	1	3	0	1	2	e	1	1	0	1	3	e	87LaVaFa.44
1007.7980724	0.0167	0.0167	1	3	0	1	2	e	1	1	0	1	3	e	87LaVaFa.45
1007.7980724	0.0167	0.0167	1	3	0	1	2	e	1	1	0	1	3	e	87LaVaFa.46
1007.7980724	0.0167	0.0167	1	3	0	1	2	e	1	1	0	1	3	e	87LaVaFa.47
1007.7980724	0.0167	0.0167	1	3	0	1	2	e	1	1	0	1	3	e	87LaVaFa.48
1007.7980724	0.0167	0.0167	1	3	0	1	2	e	1	1	0	1	3	e	87LaVaFa.49
3952.7693	0.0005	0.0005	0	0	0	2	76	e	0	0	0	0	77	e	09ToSuBrCr.1
3953.5157	0.0005	0.0005	0	0	0	2	75	e	0	0	0	0	76	e	09ToSuBrCr.2
3954.2578	0.0005	0.0005	0	0	0	2	74	e	0	0	0	0	75	e	09ToSuBrCr.3
3954.9957	0.0005	0.0005	0	0	0	2	73	e	0	0	0	0	74	e	09ToSuBrCr.4
3956.4568	0.0005	0.0005	0	0	0	2	71	e	0	0	0	0	72	e	09ToSuBrCr.5
3957.8998	0.0005	0.0005	0	0	0	2	69	e	0	0	0	0	70	e	09ToSuBrCr.6
3960.0299	0.0005	0.0005	0	0	0	2	66	e	0	0	0	0	67	e	09ToSuBrCr.7
3961.4270	0.0005	0.0005	0	0	0	2	64	e	0	0	0	0	65	e	09ToSuBrCr.8
3962.8059	0.0005	0.0005	0	0	0	2	62	e	0	0	0	0	63	e	09ToSuBrCr.9
3963.4884	0.0005	0.0005	0	0	0	2	61	e	0	0	0	0	62	e	09ToSuBrCr.10
3964.1664	0.0005	0.0005	0	0	0	2	60	e	0	0	0	0	61	e	09ToSuBrCr.11
3965.5085	0.0005	0.0005	0	0	0	2	58	e	0	0	0	0	59	e	09ToSuBrCr.12
3966.1727	0.0005	0.0005	0	0	0	2	57	e	0	0	0	0	58	e	09ToSuBrCr.13
3966.8323	0.0005	0.0005	0	0	0	2	56	e	0	0	0	0	57	e	09ToSuBrCr.14
3968.1378	0.0005	0.0005	0	0	0	2	54	e	0	0	0	0	55	e	09ToSuBrCr.15
3969.4250	0.0005	0.0005	0	0	0	2	52	e	0	0	0	0	53	e	09ToSuBrCr.16
3970.0618	0.0005	0.0005	0	0	0	2	51	e	0	0	0	0	52	e	09ToSuBrCr.17
3970.6938	0.0005	0.0005	0	0	0	2	50	e	0	0	0	0	51	e	09ToSuBrCr.18
3971.3214	0.0005	0.0005	0	0	0	2	49	e	0	0	0	0	50	e	09ToSuBrCr.19
3971.9443	0.0005	0.0005	0	0	0	2	48	e	0	0	0	0	49	e	09ToSuBrCr.20
3972.5627	0.0005	0.0005	0	0	0	2	47	e	0	0	0	0	48	e	09ToSuBrCr.21
3973.1765	0.0005	0.0005	0	0	0	2	46	e	0	0	0	0	47	e	09ToSuBrCr.22
3973.7858	0.0005	0.0005	0	0	0	2	45	e	0	0	0	0	46	e	09ToSuBrCr.23
3974.9906	0.0005	0.0005	0	0	0	2	43	e	0	0	0	0	44	e	09ToSuBrCr.24
3975.5861	0.0005	0.0005	0	0	0	2	42	e	0	0	0	0	43	e	09ToSuBrCr.25
3976.7634	0.0005	0.0005	0	0	0	2	40	e	0	0	0	0	41	e	09ToSuBrCr.26
3977.9225	0.0005	0.0005	0	0	0	2	38	e	0	0	0	0	39	e	09ToSuBrCr.27
3978.4951	0.0005	0.0005	0	0	0	2	37	e	0	0	0	0	38	e	09ToSuBrCr.28
3979.0633	0.0005	0.0005	0	0	0	2	36	e	0	0	0	0	37	e	09ToSuBrCr.29
3979.6268	0.0005	0.0005	0	0	0	2	35	e	0	0	0	0	36	e	09ToSuBrCr.30
3980.1858	0.0005	0.0005	0	0	0	2	34	e	0	0	0	0	35	e	09ToSuBrCr.31
3980.7402	0.0005	0.0005	0	0	0	2	33	e	0	0	0	0	34	e	09ToSuBrCr.32
3981.2901	0.0005	0.0005	0	0	0	2	32	e	0	0	0	0	33	e	09ToSuBrCr.33
3981.8354	0.0005	0.0005	0	0	0	2	31	e	0	0	0	0	32	e	09ToSuBrCr.34
3982.3762	0.0005	0.0005	0	0	0	2	30	e	0	0	0	0	31	e	09ToSuBrCr.35
3982.9124	0.0005	0.0005	0	0	0	2	29	e	0	0	0	0	30	e	09ToSuBrCr.36
3983.9711	0.0005	0.0005	0	0	0	2	27	e	0	0	0	0	28	e	09ToSuBrCr.37
3984.4936	0.0005	0.0005	0	0	0	2	26	e	0	0	0	0	27	e	09ToSuBrCr.38
3985.0116	0.0005	0.0005	0	0	0	2	25	e	0	0	0	0	26	e	09ToSuBrCr.39
3985.5251	0.0005	0.0005	0	0	0	2	24	e	0	0	0	0	25	e	09ToSuBrCr.40
3986.0339	0.0005	0.0005	0	0	0	2	23	e	0	0	0	0	24	e	09ToSuBrCr.41
3986.5383	0.0005	0.0005	0	0	0	2	22	e	0	0	0	0	23	e	09ToSuBrCr.42
3987.0381	0.0005	0.0005	0	0	0	2	21	e	0	0	0	0	22	e	09ToSuBrCr.43
3987.5333	0.0005	0.0005	0	0	0	2	20	e	0	0	0	0	21	e	09ToSuBrCr.44
3988.9918	0.0005	0.0005	0	0	0	2	17	e	0	0	0	0	18	e	09ToSuBrCr.45
3989.4689	0.0005	0.0005	0	0	0	2	16	e	0	0	0	0	17	e	09ToSuBrCr.46
3989.9414	0.0005	0.0005	0	0	0	2	15	e	0	0	0	0	16	e	09ToSuBrCr.47
3990.4094	0.0005	0.0005	0	0	0	2	14	e	0	0	0	0	15	e	09ToSuBrCr.48
3990.8729	0.0005	0.0005	0	0	0	2	13	e	0	0	0	0	14	e	09ToSuBrCr.49
3991.3318	0.0005	0.0005	0	0	0	2	12	e	0	0	0	0	13	e	09ToSuBrCr.50
3992.2360	0.0005	0.0005	0	0	0	2	10	e	0	0	0	0	11	e	09ToSuBrCr.51
3992.6813	0.0005	0.0005	0	0	0	2	9	e	0	0	0	0	10	e	09ToSuBrCr.52
3993.1220	0.0005	0.0005	0	0	0	2	8	e	0	0	0	0	9	e	09ToSuBrCr.53
3993.5582	0.0005	0.0005	0	0	0	2	7	e	0	0	0	0	8	e	09ToSuBrCr.54
3993.9899	0.0005	0.0005	0	0	0	2	6	e	0	0	0	0	7	e	09ToSuBrCr.55
3995.2577	0.0005	0.0005	0	0	0	2	2	e	0	0	0	0	3	e	09ToSuBrCr.56
3995.6712	0.0005	0.0005	0	0	0	2	1	e	0	0	0	0	2	e	09ToSuBrCr.57
3996.0801	0.0005	0.0005	0	0	0	2	1	e	0	0	0	0	2	e	09ToSuBrCr.58
3997.6705	0.0005	0.0005	0	0	0	2	2	e	0	0	0	0	1	e	09ToSuBrCr.59
3998.0567	0.001	0.001	0	0	0	2	3	e	0	0	0	0	2	e	09ToSuBrCr.60
3998.8155	0.001	0.001	0	0	0	2	5	e	0	0	0	0	4	e	09ToSuBrCr.61
3999.1880	0.001	0.001	0	0	0	2	6	e	0	0	0	0	5	e	09ToSuBrCr.62
3999.9195	0.001	0.001	0	0	0	2	8	e	0	0	0	0	7	e	09ToSuBrCr.63
4000.2783	0.001	0.001	0	0	0	2	9	e	0	0	0	0	8	e	09ToSuBrCr.64
4000.6326	0.001	0.001	0	0	0	2	10	e	0	0	0	0	9	e	09ToSuBrCr.65
4000.9824	0.001	0.001	0	0	0	2	11	e	0	0	0	0	10	e	09ToSuBrCr.66
4001.3276	0.001	0.001	0	0	0	2	12	e	0	0	0	0	11	e	09ToSuBrCr.67
4001.6682	0.001	0.001	0	0	0	2	13	e	0	0	0	0	12	e	09ToSuBrCr.68
4002.0043	0.001	0.001	0	0	0	2	12	e	0	0	0	0	13	e	09ToSuBrCr.69
4002.6626	0.001	0.001	0	0	0	2	16	e	0	0	0	0	15	e	09ToSuBrCr.70
4002.9850	0.001	0.001	0	0	0	2	17	e	0	0	0	0	16	e	09ToSuBrCr.71
4003.6159	0.001	0.001	0	0	0	2	19	e	0	0	0	0	18	e	09ToSuBrCr.72
4003.9244	0.001	0.001	0	0	0	2	20	e	0	0	0	0	19	e	09ToSuBrCr.73
4004.2284	0.001	0.001	0	0	0	2	21	e	0	0	0	0	20	e	09ToSuBrCr.74
4004.5277	0.001	0.001	0	0	0	2	22	e	0	0	0	0	21	e	09ToSuBrCr.75
4004.8225	0.001	0.001	0	0	0	2	23	e	0	0	0	0	22	e	09ToSuBrCr.76
4005.1127	0.001	0.001	0	0	0	2	24	e	0	0	0	0	23	e	09ToSuBrCr.77
4005.3984	0.001	0.001	0	0	0	2	25	e	0	0	0	0	24	e	09ToSuBrCr.78
4005.6793	0.001	0.001	0	0	0	2	26	e	0	0	0	0	25	e	09ToSuBrCr.79
4005.9556	0.001	0.001	0	0	0	2	27	e	0	0	0	0	26	e	09ToSuBrCr.80
4006.2274	0.001	0.001	0	0	0	2	28	e	0	0	0	0	27	e	09ToSuBrCr.81
4006.4945	0.001	0.001	0	0	0	2	29	e	0	0	0	0	28	e	09ToSuBrCr.82
4006.7570	0.001	0.001	0	0	0	2	30	e	0	0	0	0	29	e	09ToSuBrCr.83
4007.2681	0.001	0.001	0	0	0	2	32	e	0	0	0	0	31	e	09ToSuBrCr.84
4007.5167	0.001	0.001	0	0	0	2	33	e	0	0	0	0	32	e	09ToSuBrCr.85
4007.7607	0.001	0.001	0	0	0	2	34	e	0	0	0	0	33	e	09ToSuBrCr.86
4008.0001	0.001	0.001	0	0	0	2	35	e	0	0	0	0	34	e	09ToSuBrCr.87
4008.2348	0.001	0.001	0	0	0	2	36	e	0	0	0	0	35	e	09ToSuBrCr.88
4008.4648	0.001	0.001	0	0	0	2	37	e	0	0	0	0	36	e	09ToSuBrCr.89
4008.6903	0.001	0.001	0	0	0	2	38	e	0	0	0	0	37	e	09ToSuBrCr.90
4009.1271	0.001	0.001	0	0	0	2	40	e	0	0	0	0	39	e	09ToSuBrCr.91
4009.3386	0.001	0.001	0	0	0	2	41	e	0	0	0	0	40	e	09ToSuBrCr.92
4009.7476	0.001	0.001	0	0	0	2	43	e	0	0	0	0	42	e	09ToSuBrCr.93
4009.9450	0.001	0.001	0	0	0	2	44	e	0	0	0	0	43	e	09ToSuBrCr.94
4010.5094	0.001	0.001	0	0	0	2	47	e	0	0	0	0	46	e	09ToSuBrCr.95
4010.6884	0.001	0.001	0	0	0	2	48	e	0	0	0	0	47	e	09ToSuBrCr.96
4010.8623	0.001	0.001	0	0	0	2	49	e	0	0	0	0	48	e	09ToSuBrCr.97
4011.0317	0.001	0.001	0	0	0	2	50	e	0	0	0	0	49	e	09ToSuBrCr.98
4011.1964	0.001	0.001	0	0	0	2	51	e	0	0	0	0	50	e	09ToSuBrCr.99
4011.3564	0.001	0.001	0	0	0	2	52	e	0	0	0	0	51	e	09ToSuBrCr.100
4011.6624	0.001	0.001	0	0	0	2	54	e	0	0	0	0	53	e	09ToSuBrCr.101
4011.8083	0.001	0.001	0	0	0	2	55	e	0	0	0	0	54	e	09ToSuBrCr.102
4012.2179	0.001	0.001	0	0	0	2	58	e	0	0	0	0	57	e	09ToSuBrCr.103
4012.3450	0.001	0.001	0	0	0	2	59	e	0	0	0	0	58	e	09ToSuBrCr.104
4012.5852	0.001	0.001	0	0	0	2	61	e	0	0	0	0	60	e	09ToSuBrCr.105
4012.8065	0.001	0.001	0	0	0	2	63	e	0	0	0	0	62	e	09ToSuBrCr.106
4012.9099	0.001	0.001	0	0	0	2	64	e	0	0	0	0	63	e	09ToSuBrCr.107
4013.1029	0.001	0.001	0	0	0	2	66	e	0	0	0	0	65	e	09ToSuBrCr.108
4013.2769	0.001	0.001	0	0	0	2	68	e	0	0	0	0	67	e	09ToSuBrCr.109
4013.4320	0.001	0.001	0	0	0	2	70	e	0	0	0	0	69	e	09ToSuBrCr.110
4013.5025	0.001	0.001	0	0	0	2	71	e	0	0	0	0	70	e	09ToSuBrCr.111
4013.6292	0.001	0.001	0	0	0	2	73	e	0	0	0	0	72	e	09ToSuBrCr.112
4013.6855	0.001	0.001	0	0	0	2	74	e	0	0	0	0	73	e	09ToSuBrCr.113
4013.8258	0.001	0.001	0	0	0	2	77	e	0	0	0	0	76	e	09ToSuBrCr.114
3947.1963	0.001	0.001	0	1	1	2	66	e	0	1	1	0	67	e	09ToSuBrCr.115
3949.2579	0.001	0.001	0	1	1	2	63	e	0	1	1	0	64	e	09ToSuBrCr.116
3949.9358	0.001	0.001	0	1	1	2	62	e	0	1	1	0	63	e	09ToSuBrCr.117
3952.6053	0.001	0.001	0	1	1	2	58	e	0	1	1	0	59	e	09ToSuBrCr.118
3955.8384	0.001	0.001	0	1	1	2	53	e	0	1	1	0	54	e	09ToSuBrCr.119
3959.5718	0.001	0.001	0	1	1	2	47	e	0	1	1	0	48	e	09ToSuBrCr.120
3960.1768	0.001	0.001	0	1	1	2	46	e	0	1	1	0	47	e	09ToSuBrCr.121
3961.3783	0.001	0.001	0	1	1	2	44	e	0	1	1	0	45	e	09ToSuBrCr.122
3961.9711	0.001	0.001	0	1	1	2	43	e	0	1	1	0	44	e	09ToSuBrCr.123
3962.5593	0.001	0.001	0	1	1	2	42	e	0	1	1	0	43	e	09ToSuBrCr.124
3963.1434	0.001	0.001	0	1	1	2	41	e	0	1	1	0	42	e	09ToSuBrCr.125
3964.2976	0.001	0.001	0	1	1	2	39	e	0	1	1	0	40	e	09ToSuBrCr.126
3964.8681	0.001	0.001	0	1	1	2	38	e	0	1	1	0	39	e	09ToSuBrCr.127
3965.4340	0.001	0.001	0	1	1	2	37	e	0	1	1	0	38	e	09ToSuBrCr.128
3966.5525	0.001	0.001	0	1	1	2	35	e	0	1	1	0	36	e	09ToSuBrCr.129
3967.1051	0.001	0.001	0	1	1	2	34	e	0	1	1	0	35	e	09ToSuBrCr.130
3967.6532	0.001	0.001	0	1	1	2	33	e	0	1	1	0	34	e	09ToSuBrCr.131
3968.1966	0.001	0.001	0	1	1	2	32	e	0	1	1	0	33	e	09ToSuBrCr.132
3968.7358	0.001	0.001	0	1	1	2	31	e	0	1	1	0	32	e	09ToSuBrCr.133
3969.7997	0.001	0.001	0	1	1	2	29	e	0	1	1	0	30	e	09ToSuBrCr.134
3970.3259	0.001	0.001	0	1	1	2	28	e	0	1	1	0	29	e	09ToSuBrCr.135
3970.8470	0.001	0.001	0	1	1	2	27	e	0	1	1	0	28	e	09ToSuBrCr.136
3971.8760	0.001	0.001	0	1	1	2	25	e	0	1	1	0	26	e	09ToSuBrCr.138
3972.3834	0.001	0.001	0	1	1	2	24	e	0	1	1	0	25	e	09ToSuBrCr.139
3972.8869	0.001	0.001	0	1	1	2	23	e	0	1	1	0	24	e	09ToSuBrCr.140
3973.8817	0.001	0.001	0	1	1	2	21	e	0	1	1	0	22	e	09ToSuBrCr.141
3975.3363	0.001	0.001	0	1	1	2	18	e	0	1	1	0	19	e	09ToSuBrCr.142
3976.2858	0.001	0.001	0	1	1	2	16	e	0	1	1	0	17	e	09ToSuBrCr.143
3977.6746	0.001	0.001	0	1	1	2	13	e	0	1	1	0	14	e	09ToSuBrCr.144
3978.1292	0.001	0.001	0	1	1	2	12	e	0	1	1	0	13	e	09ToSuBrCr.145
3979.0257	0.001	0.001	0	1	1	2	10	e	0	1	1	0	11	e	09ToSuBrCr.146
3980.3344	0.001	0.001	0	1	1	2	7	e	0	1	1	0	8	e	09ToSuBrCr.147
3981.6038	0.001	0.001	0	1	1	2	4	e	0	1	1	0	5	e	09ToSuBrCr.148
3983.6301	0.001	0.001	0	1	1	2	1	e	0	1	1	0	2	e	09ToSuBrCr.149
3984.0205	0.001	0.001	0	1	1	2	0	e	0	1	1	0	1	e	09ToSuBrCr.150
3984.4080	0.001	0.001	0	1	1	2	-1	e	0	1	1	0	0	e	09ToSuBrCr.151
3985.1676	0.001	0.001	0	1	1	2	4	e	0	1	1	0	5	e	09ToSuBrCr.152
3985.9095	0.001	0.001	0	1	1	2	6	e	0	1	1	0	7	e	09ToSuBrCr.153
3986.2739	0.001	0.001	0	1	1	2	7	e	0	1	1	0	8	e	09ToSuBrCr.154
3986.9900	0.001	0.001	0	1	1	2	9	e	0	1	1	0	10	e	09ToSuBrCr.155
3989.0271	0.001	0.001	0	1	1	2	15	e	0	1	1	0	16	e	09ToSuBrCr.156
3989.3509	0.001	0.001	0	1	1	2	16	e	0	1	1	0	17	e	09ToSuBrCr.157
3989.6702	0.001	0.001	0	1	1	2	17	e	0	1	1	0	18	e	09ToSuBrCr.158
3989.9849	0.001	0.001	0	1	1	2	18	e	0	1	1	0	19	e	09ToSuBrCr.159
3990.6010	0.001	0.001	0	1	1	2	20	e	0	1	1	0	21	e	09ToSuBrCr.160
3990.9022	0.001	0.001	0	1	1	2	21	e	0	1	1	0	22	e	09ToSuBrCr.161
3991.1990	0.001	0.001	0	1	1	2	22	e	0	1	1	0	23	e	09ToSuBrCr.162
3991.4911	0.001	0.001	0	1	1	2	23	e	0	1	1	0	24	e	09ToSuBrCr.163
3992.0619	0.001	0.001	0	1	1	2	25	e	0	1	1	0	26	e	09ToSuBrCr.164
3992.6145	0.001	0.001	0	1	1	2	27	e	0	1	1	0	28	e	09ToSuBrCr.166
3993.1489	0.001	0.001	0	1	1	2	29	e	0	1	1	0	30	e	09ToSuBrCr.167
3993.4093	0.001	0.001	0	1	1	2	30	e	0	1	1	0	31	e	09ToSuBrCr.168
3994.1632	0.001	0.001	0	1	1	2	33	e	0	1	1	0	34	e	09ToSuBrCr.169
49819241.4	20.0	20.0	2	0	0	0	80	e	0	0	0	0	79	e	89WeVa.1
50565605.5	10.0	10.0	2	0	0	0	34	e	0	0	0	0	33	e	89WeVa.2
50679663.3	8.0	8.0	2	0	0	0	26	e	0	0	0	0	25	e	89WeVa.3
51202495.5	6.0	6.0	2	0	0	0	15	e	0	0	0	0	16	e	89WeVa.4
51603367.7	9.0	9.0	2	0	0	0	58	e	0	0	0	0	59	e	89WeVa.5
26562965.9	5.0	5.0	0	0	0	0	0	e	1	0	0	90	0	e	81WePeMaSu.1
26391913.7	4.0	4.0	0	0	0	0	0	e	1	0	0	71	0	e	81WePeMaSu.2
26334859.8	6.0	6.0	0	0	0	0	0	e	1	0	0	65	0	e	81WePeMaSu.3
26216492.4	3.0	3.0	0	0	0	0	0	e	1	0	0	53	0	e	81WePeMaSu.4
26134476.3	6.0	6.0	0	0	0	0	0	e	1	0	0	45	0	e	81WePeMaSu.5
26006878.0	5.0	5.0	0	0	0	0	0	e	1	0	0	33	0	e	81WePeMaSu.6
25974127.6	2.0	2.0	0	0	0	0	0	e	1	0	0	30	0	e	81WePeMaSu.7
25851194.3	3.0	3.0	0	0	0	0	0	e	1	0	0	19	0	e	81WePeMaSu.8
25816889.8	4.0	4.0	0	0	0	0	0	e	1	0	0	16	0	e	81WePeMaSu.9
25793837.4	6.0	6.0	0	0	0	0	0	e	1	0	0	14	0	e	81WePeMaSu.10
25592036.1	5.0	5.0	0	0	0	0	0	e	1	0	0	2	0	e	81WePeMaSu.11
25130543.0	3.0	3.0	0	0	0	0	0	e	1	0	0	38	0	e	81WePeMaSu.12
25354207.0	2.6	2.6	0	0	0	0	0	e	1	0	0	21	0	e	81WePeMaSu.13
25367068.0	8.0	8.0	0	0	0	0	0	e	1	0	0	20	0	e	81WePeMaSu.14
25455914.0	5.2	5.2	0	0	0	0	0	e	1	0	0	13	0	e	81WePeMaSu.15
25542962.0	7.6	7.6	0	0	0	0	0	e	1	0	0	6	0	e	81WePeMaSu.16
25555349.0	2.5	2.5	0	0	0	0	0	e	1	0	0	5	0	e	81WePeMaSu.17
25567636.0	2.0	2.0	0	0	0	0	0	e	1	0	0	4	0	e	81WePeMaSu.18
25592032.0	1.6	1.6	0	0	0	0	0	e	1	0	0	2	0	e	81WePeMaSu.19
25604192.0	1.2	1.2	0	0	0	0	0	e	1	0	0	1	0	e	81WePeMaSu.20
24247.668	0.020	0.020	0	0	0	2	0	e	0	0	0	1	0	e	80DuDeBuBo.1
36371.390	0.030	0.030	0	0	0	3	0	e	0	0	0	2	0	e	80DuDeBuBo.2
72741.967	0.020	0.020	0	0	0	6	0	e	0	0	0	5	0	e	80DuDeBuBo.3
84865.166	0.020	0.020	0	0	0	7	0	e	0	0	0	6	0	e	80DuDeBuBo.4
96988.1211	0.030	0.030	0	0	0	8	0	e	0	0	0	7	0	e	80DuDeBuBo.5
121233.301	0.020	0.020	0	0	0	10	0	e	0	0	0	9	0	e	80DuDeBuBo.6
133355.416	0.020	0.020	0	0	0	11	0	e	0	0	0	10	0	e	80DuDeBuBo.7
145477.197	0.020	0.020	0	0	0	12	0	e	0	0	0	11	0	e	80DuDeBuBo.8
157598.625	0.020	0.020	0	0	0	13	0	e	0	0	0	12	0	e	80DuDeBuBo.9
169719.648	0.030	0.030	0	0	0	14	0	e	0	0	0	13	0	e	80DuDeBuBo.10
181840.209	0.020	0.020	0	0	0	15	0	e	0	0	0	14	0	e	80DuDeBuBo.11
193960.289	0.020	0.020	0	0	0	16	0	e	0	0	0	15	0	e	80DuDeBuBo.12
206079.955	0.060	0.060	0	0	0	17	0	e	0	0	0	16	0	e	80DuDeBuBo.13
218198.998	0.030	0.030	0	0	0	18	0	e	0	0	0	17	0	e	80DuDeBuBo.14
230317.527	0.030	0.030	0	0	0	19	0	e	0	0	0	18	0	e	80DuDeBuBo.15
303015.090	0.030	0.030	0	0	0	25	0	e	0	0	0	24	0	e	80DuDeBuBo.16
315128.774	0.030	0.030	0	0	0	26	0	e	0	0	0	25	0	e	80DuDeBuBo.17
60275.785	0.030	0.030	0	0	1	5	0	e	0	0	1	4	0	e	80BoBa.1
72330.596	0.030	0.030	0	0	1	6	0	e	0	0	1	5	0	e	80BoBa.2
13015.92	0.50	0.50	0	1	1	0	1	e	0	1	1	0	1	f	74ReDy.1
39046.83	0.50	0.50	0	1	1	0	2	e	0	1	1	0	2	f	74ReDy.2
78093.36	0.50	0.50	0	1	1	0	3	e	0	1	1	0	3	f	74ReDy.3
130154.95	0.50	0.50	0	1	1	0	4	e	0	1	1	0	4	f	74ReDy.4
195231.06	0.50	0.50	0	1	1	0	5	e	0	1	1	0	5	f	74ReDy.5
273321.35	0.50	0.50	0	1	1	0	6	e	0	1	1	0	6	f	74ReDy.6
364425.17	0.50	0.50	0	1	1	0	7	e	0	1	1	0	7	f	74ReDy.7
468541.43	0.50	0.50	0	1	1	0	8	e	0	1	1	0	8	f	74ReDy.8
24247.668	0.010	0.010	0	0	0	2	0	e	0	0	0	1	0	e	74LaW.1
36371.390	0.030	0.030	0	0	0	3	0	e	0	0	0	2	0	e	74LaW.2
84865.166	0.015	0.015	0	0	0	7	0	e	0	0	0	6	0	e	74LaW.3
121233.301	0.015	0.015	0	0	0	10	0	e	0	0	0	9	0	e	74LaW.4
169719.648	0.015	0.015	0	0	0	14	0	e	0	0	0	13	0	e	74LaW.5
181840.209	0.015	0.015	0	0	0	15	0	e	0	0	0	14	0	e	74LaW.6
8192.77	0.05	0.05	0	1	1	0	35	e	0	1	1	0	35	f	67Maki.1
8660.53	0.05	0.05	0	1	1	0	36	e	0	1	1	0	36	f	67Maki.2
9141.17	0.05	0.05	0	1	1	0	37	e	0	1	1	0	37	f	67Maki.3
9634.86	0.05	0.05	0	1	1	0	38	e	0	1	1	0	38	f	67Maki.4
10141.34	0.05	0.05	0	1	1	0	39	e	0	1	1	0	39	f	67Maki.5
10660.91	0.05	0.05	0	1	1	0	40	e	0	1	1	0	40	f	67Maki.6
11193.26	0.05	0.05	0	1	1	0	41	e	0	1	1	0	41	f	67Maki.7
11738.66	0.05	0.05	0	1	1	0	42	e	0	1	1	0	42	f	67Maki.8
12868.15	0.05	0.05	0	1	1	0	44	e	0	1	1	0	44	f	67Maki.9
2015.19128	0.0003	0.0003	1	0	0	0	0	35	0	0	0	0	0	34	85HuFoJoMc.1
2015.38718	0.0003	0.0003	1	0	0	0	0	16	0	0	0	0	0	15	85HuFoJoMc.2
2015.49275	0.0003	0.0003	1	1	1	0	0	36	0	1	1	0	0	35	85HuFoJoMc.3
2015.51495	0.0003	0.0003	1	1	1	0	0	36	0	1	1	0	0	35	85HuFoJoMc.4
2015.81336	0.0003	0.0003	1	1	1	0	0	37	0	1	1	0	0	36	85HuFoJoMc.5
2015.83631	0.0003	0.0003	1	1	1	0	0	37	0	1	1	0	0	36	85HuFoJoMc.6
2016.13168	0.0003	0.0003	1	0	0	0	0	18	0	0	0	0	0	17	85HuFoJoMc.7
2016.44768	0.0003	0.0003	1	1	1	0	0	39	0	1	1	0	0	38	85HuFoJoMc.8
2016.47215	0.0003	0.0003	1	1	1	0	0	39	0	1	1	0	0	38	85HuFoJoMc.9
2017.07277	0.0003	0.0003	1	1	1	0	0	41	0	1	1	0	0	40	85HuFoJoMc.10
2017.09876	0.0003	0.0003	1	1	1	0	0	41	0	1	1	0	0	40	85HuFoJoMc.11
1701.7910	0.0035	0.0035	1	1	1	0	83	e	0	1	1	0	84	e	80MaOlSa.1
1664.3719	0.0035	0.0035	1	1	1	0	68	e	0	1	1	0	69	e	80MaOlSa.2
1664.4281	0.0035	0.0035	1	1	1	0	66	e	0	1	1	0	67	e	80MaOlSa.3
1664.5119	0.0035	0.0035	1	1	1	0	65	e	0	1	1	0	66	e	80MaOlSa.4
1664.6835	0.0035	0.0035	1	1	1	0	64	e	0	1	1	0	65	e	80MaOlSa.5
1664.8195	0.0035	0.0035	1	1	1	0	63	e	0	1	1	0	64	e	80MaOlSa.6
1664.9296	0.0035	0.0035	1	1	1	0	62	e	0	1	1	0	63	e	80MaOlSa.7
1664.9970	0.0035	0.0035	1	1	1	0	61	e	0	1	1	0	62	e	80MaOlSa.8
1665.0310	0.0035	0.0035	1	1	1	0	60	e	0	1	1	0	61	e	80MaOlSa.9
1665.3079	0.0035	0.0035	1	1	1	0	58	e	0	1	1	0	59	e	80MaOlSa.10
1665.3783	0.0035	0.0035	1	1	1	0	57	e	0	1	1	0	58	e	80MaOlSa.11
1665.4850	0.0035	0.0035	1	1	1	0	56	e	0	1	1	0	57	e	80MaOlSa.12
1665.5477	0.0035	0.0035	1	1	1	0	55	e	0	1	1	0	56	e	80MaOlSa.13
1665.5634	0.0035	0.0035	1	1	1	0	54	e	0	1	1	0	55	e	80MaOlSa.14
1665.9298	0.0035	0.0035	1	1	1	0	53	e	0	1	1	0	54	e	80MaOlSa.15
1665.9348	0.0035	0.0035	1	1	1	0	52	e	0	1	1	0	53	e	80MaOlSa.16
1666.0381	0.0035	0.0035	1	1	1	0	51	e	0	1	1	0	52	e	80MaOlSa.17
1666.0620	0.0035	0.0035	1	1	1	0	50	e	0	1	1	0	51	e	80MaOlSa.18
1666.1273	0.0035	0.0035	1	1	1	0	49	e	0	1	1	0	50	e	80MaOlSa.19
1666.4890	0.0035	0.0035	1	1	1	0	48	e	0	1	1	0	49	e	80MaOlSa.20
25590498.9	10.0	10.0	2	0	0	0	16	e	1	0	0	0	15	e	83WePeMa.1
25703419.6	4.0	4.0	2	0	0	0	26	e	1	0	0	0	25	e	83WePeMa.2
25758468.8	3.0	3.0	2	0	0	0	31	e	1	0	0	0	30	e	83WePeMa.3
25979208.3	10.0	10.0	2	0	0	0	52	e	1	0	0	0	51	e	83WePeMa.4
26058751.9	5.0	5.0	2	0	0	0	60	e	1	0	0	0	59	e	83WePeMa.5
50565600.9	6.0	6.0	2	0	0	0	33	e	0	0	0	0	34	e	83WePeMa.6
51089622.8	8.0	8.0	2	0	0	0	6	e	0	0	0	0	5	e	83WePeMa.7
51135652.2	7.0	7.0	2	0	0	0	10	e	0	0	0	0	9	e	83WePeMa.8
51202495.0	10.0	10.0	2	0	0	0	16	e	0	0	0	0	15	e	83WePeMa.9
51256184.1	6.0	6.0	2	0	0	0	21	e	0	0	0	0	20	e	83WePeMa.10
51367804.0	4.0	4.0	2	0	0	0	32	e	0	0	0	0	31	e	83WePeMa.11
51603367.6	10.0	10.0	2	0	0	0	59	e	0	0	0	0	58	e	83WePeMa.12
51722938.5	26.0	26.0	2	0	0	0	76	e	0	0	0	0	75	e	83WePeMa.13
25572416.5	6.0	6.0	2	0	0	0	32	e	1	0	0	0	31	e	83WePeMa.14
25707559.1	5.0	5.0	2	0	0	0	45	e	1	0	0	0	44	e	83WePeMa.15
25757830.0	20.0	20.0	2	0	0	0	50	e	1	0	0	0	49	e	83WePeMa.16
25816893.7	5.0	5.0	2	0	0	0	56	e	1	0	0	0	55	e	83WePeMa.17
25705275.1	4.0	4.0	1	1	0	0	44	e	0	1	0	0	43	e	83WePeMa.18
25706643.1	3.0	3.0	1	1	0	0	44	f	0	1	0	0	43	f	83WePeMa.19
25758320.5	20.0	20.0	1	1	0	0	49	f	0	1	0	0	48	f	83WePeMa.20
25817241.8	5.0	5.0	1	1	0	0	55	e	0	1	0	0	54	e	83WePeMa.21
59693603.1	0.060	0.060	0	0	0	26	0	e	0	0	0	25	0	e	90WeScMa.1
59693840.1	0.060	0.060	0	0	0	26	0	e	0	0	0	25	0	e	90WeScMa.2
59813307.6	0.100	0.100	0	0	0	32	0	e	0	0	0	31	0	e	90WeScMa.3
60210827.3	0.050	0.050	0	0	0	2	0	e	0	0	0	1	0	e	90WeScMa.4
60341171.7	0.040	0.040	0	0	0	9	0	e	0	0	0	8	0	e	90WeScMa.5
60344056.2	0.040	0.040	0	0	0	27	0	e	0	0	0	26	0	e	90WeScMa.6
60586692.9	0.040	0.040	0	0	0	31	0	e	0	0	0	30	0	e	90WeScMa.7
60710590.4	0.070	0.070	0	0	0	75	0	e	0	0	0	74	0	e	90WeScMa.8
