1) 0 0 0 0 6 e  in component 0 = 5.9034039
   90ToHoAl.1  1042.78623  0.0000800  -0.0000000  0 2 0 0 5 e   1048.6896339
   90ToHoAl.47  1047.94764  0.0000800  0.0000000  0 2 0 0 7 e   1053.8510439
   85JoHoKa.1  517.26824  0.0010000  0.0000000  0 1 0 0 5 e   523.1716439
   90BlWaHiLa.12  850.4768  0.0010000  -0.0000000  1 0 0 0 7 e   856.3802039

2) 0 2 0 0 5 e  in component 0 = 1048.6896339
   90ToHoAl.1  1042.78623  0.0000800  -0.0000000  0 0 0 0 6 e   5.9034039
   90ToHoAl.45  1047.14029  0.0000800  0.0000000  0 0 0 0 4 e   1.5493439
   84TaItTa.14  1.951753936384884  0.0000017  0.0000000  0 2 0 0 4 e   1046.7378800
   84TaItTa.15  2.382123368827377  0.0000017  -0.0000000  0 2 0 0 6 e   1051.0717573

3) 0 0 0 0 7 e  in component 0 = 8.6740173
   90ToHoAl.2  1042.39774  0.0000800  0.0000000  0 2 0 0 6 e   1051.0717573
   85JoHoKa.2  516.89549  0.0010000  0.0000000  0 1 0 0 6 e   525.5695073

4) 0 2 0 0 6 e  in component 0 = 1051.0717573
   90ToHoAl.2  1042.39774  0.0000800  0.0000000  0 0 0 0 7 e   8.6740173
   90ToHoAl.46  1047.5428  0.0000800  0.0000000  0 0 0 0 5 e   3.5289573
   84TaItTa.15  2.382123368827377  0.0000017  -0.0000000  0 2 0 0 5 e   1048.6896339

5) 0 0 0 0 8 e  in component 0 = 11.8405239
   90ToHoAl.3  1042.01052  0.0000800  -0.0000000  0 2 0 0 7 e   1053.8510439
   85JoHoKa.28  523.23969  0.0010000  0.0000000  0 1 0 0 9 e   535.0802139

6) 0 2 0 0 7 e  in component 0 = 1053.8510439
   90ToHoAl.3  1042.01052  0.0000800  -0.0000000  0 0 0 0 8 e   11.8405239
   90ToHoAl.47  1047.94764  0.0000800  0.0000000  0 0 0 0 6 e   5.9034039

7) 0 0 0 0 9 e  in component 0 = 15.3434503
   90ToHoAl.4  1041.62465  0.0000800  -0.0000098  0 2 0 0 8 e   1056.9681101
   90ToHoAl.48  1049.16791  0.0000800  0.0000098  0 2 0 0 10 e   1064.5113505
   85JoHoKa.3  516.11103  0.0010000  0.0000000  0 1 0 0 8 e   531.4544803

8) 0 2 0 0 8 e  in component 0 = 1056.9681101
   90ToHoAl.4  1041.62465  0.0000800  -0.0000098  0 0 0 0 9 e   15.3434503
   84TaItTa.16  3.5731265460987682  0.0000017  -0.0000000  0 2 0 0 9 e   1060.5412366

9) 0 0 0 0 11 e  in component 0 = 23.6546405
   90ToHoAl.6  1040.85671  0.0000800  -0.0000000  0 2 0 0 10 e   1064.5113505
   90ToHoAl.50  1049.98798  0.0000800  -0.0000012  0 2 0 0 12 e   1073.6426217
   85JoHoKa.31  524.44313  0.0010000  0.0001888  0 1 0 0 12 e   548.0975817
   90BlWaHiLa.11  852.3966  0.0010000  0.0000000  1 0 0 0 12 e   876.0512405

10) 0 2 0 0 10 e  in component 0 = 1064.5113505
   90ToHoAl.6  1040.85671  0.0000800  -0.0000000  0 0 0 0 11 e   23.6546405
   90ToHoAl.48  1049.16791  0.0000800  0.0000098  0 0 0 0 9 e   15.3434503
   84TaItTa.19  3.970113884586116  0.0000017  -0.0000000  0 2 0 0 9 e   1060.5412366
   84TaItTa.22  4.367093350960817  0.0000017  0.0000000  0 2 0 0 11 e   1068.8784439

11) 0 0 0 0 12 e  in component 0 = 28.4037939
   90ToHoAl.7  1040.47465  0.0000800  -0.0000000  0 2 0 0 11 e   1068.8784439
   90ToHoAl.51  1050.39963  0.0000800  -0.0000004  0 2 0 0 13 e   1078.8034243
   85JoHoKa.6  514.93832  0.0010000  -0.0000000  0 1 0 0 11 e   543.3421139
   85JoHoKa.32  524.84504  0.0010000  0.0000696  0 1 0 0 13 e   553.2487643

12) 0 2 0 0 11 e  in component 0 = 1068.8784439
   90ToHoAl.7  1040.47465  0.0000800  -0.0000000  0 0 0 0 12 e   28.4037939
   84TaItTa.22  4.367093350960817  0.0000017  0.0000000  0 2 0 0 10 e   1064.5113505

13) 0 0 0 0 13 e  in component 0 = 33.5489829
   90ToHoAl.8  1040.09364  0.0000800  0.0000012  0 2 0 0 12 e   1073.6426217
   90ToHoAl.52  1050.81259  0.0000800  0.0000000  0 2 0 0 14 e   1084.3615729
   85JoHoKa.7  514.54841  0.0010000  -0.0001888  0 1 0 0 12 e   548.0975817
   85JoHoKa.33  525.24733  0.0010000  -0.0000000  0 1 0 0 14 e   558.7963129

14) 0 2 0 0 12 e  in component 0 = 1073.6426217
   90ToHoAl.8  1040.09364  0.0000800  0.0000012  0 0 0 0 13 e   33.5489829
   90ToHoAl.50  1049.98798  0.0000800  -0.0000012  0 0 0 0 11 e   23.6546405

15) 0 0 0 0 14 e  in component 0 = 39.0895848
   90ToHoAl.9  1039.71384  0.0000800  0.0000004  0 2 0 0 13 e   1078.8034243
   90ToHoAl.53  1051.22692  0.0000800  -0.0000011  0 2 0 0 15 e   1090.3165059
   85JoHoKa.8  514.15911  0.0010000  -0.0000696  0 1 0 0 13 e   553.2487643
   85JoHoKa.34  525.65048  0.0010000  0.0001789  0 1 0 0 15 e   564.7398859

16) 0 2 0 0 13 e  in component 0 = 1078.8034243
   90ToHoAl.9  1039.71384  0.0000800  0.0000004  0 0 0 0 14 e   39.0895848
   90ToHoAl.51  1050.39963  0.0000800  -0.0000004  0 0 0 0 12 e   28.4037939

17) 0 0 0 0 15 e  in component 0 = 45.0260029
   90ToHoAl.10  1039.33557  0.0000800  -0.0000000  0 2 0 0 14 e   1084.3615729
   90ToHoAl.54  1051.64234  0.0000800  0.0000015  0 2 0 0 16 e   1096.6683414
   85JoHoKa.35  526.054  0.0010000  -0.0002335  0 1 0 0 16 e   571.0802364
   90BlWaHiLa.16  841.6791  0.0010000  0.0000000  1 0 0 0 14 e   886.7051029

18) 0 2 0 0 14 e  in component 0 = 1084.3615729
   90ToHoAl.10  1039.33557  0.0000800  -0.0000000  0 0 0 0 15 e   45.0260029
   90ToHoAl.52  1050.81259  0.0000800  0.0000000  0 0 0 0 13 e   33.5489829

19) 0 0 0 0 16 e  in component 0 = 51.3582070
   90ToHoAl.11  1038.9583  0.0000800  0.0000011  0 2 0 0 15 e   1090.3165059
   90ToHoAl.55  1052.05898  0.0000800  0.0000000  0 2 0 0 17 e   1103.4171870
   85JoHoKa.9  513.3815  0.0010000  -0.0001789  0 1 0 0 15 e   564.7398859
   90BlWaHiLa.8  854.2865  0.0010000  -0.0000000  1 0 0 0 17 e   905.6447070

20) 0 2 0 0 15 e  in component 0 = 1090.3165059
   90ToHoAl.11  1038.9583  0.0000800  0.0000011  0 0 0 0 16 e   51.3582070
   90ToHoAl.53  1051.22692  0.0000800  -0.0000011  0 0 0 0 14 e   39.0895848

21) 0 0 0 0 17 e  in component 0 = 58.0858899
   90ToHoAl.12  1038.58245  0.0000800  -0.0000015  0 2 0 0 16 e   1096.6683414
   90ToHoAl.56  1052.47693  0.0000800  0.0000000  0 2 0 0 18 e   1110.5628199
   85JoHoKa.10  512.99458  0.0010000  0.0002335  0 1 0 0 16 e   571.0802364

22) 0 2 0 0 16 e  in component 0 = 1096.6683414
   90ToHoAl.12  1038.58245  0.0000800  -0.0000015  0 0 0 0 17 e   58.0858899
   90ToHoAl.54  1051.64234  0.0000800  0.0000015  0 0 0 0 15 e   45.0260029

23) 0 0 0 0 18 e  in component 0 = 65.2093070
   90ToHoAl.13  1038.20788  0.0000800  -0.0000000  0 2 0 0 17 e   1103.4171870
   90ToHoAl.57  1052.89611  0.0000800  0.0000000  0 2 0 0 19 e   1118.1054170

24) 0 2 0 0 17 e  in component 0 = 1103.4171870
   90ToHoAl.13  1038.20788  0.0000800  -0.0000000  0 0 0 0 18 e   65.2093070
   90ToHoAl.55  1052.05898  0.0000800  0.0000000  0 0 0 0 16 e   51.3582070

25) 0 0 0 0 19 e  in component 0 = 72.7284199
   90ToHoAl.14  1037.8344  0.0000800  -0.0000000  0 2 0 0 18 e   1110.5628199
   90ToHoAl.58  1053.31641  0.0000800  -0.0000003  0 2 0 0 20 e   1126.0448303
   85JoHoKa.12  512.21963  0.0010000  0.0000000  0 1 0 0 18 e   584.9480499
   85JoHoKa.37  527.67251  0.0010000  0.0000547  0 1 0 0 20 e   600.4008753

26) 0 2 0 0 18 e  in component 0 = 1110.5628199
   90ToHoAl.14  1037.8344  0.0000800  -0.0000000  0 0 0 0 19 e   72.7284199
   90ToHoAl.56  1052.47693  0.0000800  0.0000000  0 0 0 0 17 e   58.0858899

27) 0 0 0 0 20 e  in component 0 = 80.6429970
   90ToHoAl.15  1037.46242  0.0000800  -0.0000000  0 2 0 0 19 e   1118.1054170
   90ToHoAl.59  1053.73816  0.0000800  -0.0000008  0 2 0 0 21 e   1134.3811578
   85JoHoKa.13  511.8331  0.0010000  -0.0000000  0 1 0 0 19 e   592.4760970
   85JoHoKa.38  528.07829  0.0010000  0.0001242  0 1 0 0 21 e   608.7211628
   90BlWaHiLa.19  839.6005  0.0010000  -0.0000000  1 0 0 0 19 e   920.2434971

28) 0 2 0 0 19 e  in component 0 = 1118.1054170
   90ToHoAl.15  1037.46242  0.0000800  -0.0000000  0 0 0 0 20 e   80.6429970
   90ToHoAl.57  1052.89611  0.0000800  0.0000000  0 0 0 0 18 e   65.2093070

29) 0 0 0 0 21 e  in component 0 = 88.9531206
   90ToHoAl.16  1037.09171  0.0000800  0.0000003  0 2 0 0 20 e   1126.0448303
   85JoHoKa.14  511.4477  0.0010000  -0.0000547  0 1 0 0 20 e   600.4008753
   85JoHoKa.39  528.48454  0.0010000  0.0000275  0 1 0 0 22 e   617.4376331
   90BlWaHiLa.7  856.1464  0.0010000  -0.0000275  1 0 0 0 22 e   945.0995481
   90BlWaHiLa.20  839.1813  0.0010000  0.0000000  1 0 0 0 20 e   928.1344206

30) 0 2 0 0 20 e  in component 0 = 1126.0448303
   90ToHoAl.16  1037.09171  0.0000800  0.0000003  0 0 0 0 21 e   88.9531206
   90ToHoAl.58  1053.31641  0.0000800  -0.0000003  0 0 0 0 19 e   72.7284199

31) 0 0 0 0 22 e  in component 0 = 97.6588286
   90ToHoAl.17  1036.72233  0.0000800  0.0000008  0 2 0 0 21 e   1134.3811578
   85JoHoKa.15  511.06221  0.0010000  -0.0001242  0 1 0 0 21 e   608.7211628
   85JoHoKa.40  528.89139  0.0010000  0.0000000  0 1 0 0 23 e   626.5502186
   90BlWaHiLa.21  838.7609  0.0010000  0.0000001  1 0 0 0 21 e   936.4197285

32) 0 2 0 0 21 e  in component 0 = 1134.3811578
   90ToHoAl.17  1036.72233  0.0000800  0.0000008  0 0 0 0 22 e   97.6588286
   90ToHoAl.59  1053.73816  0.0000800  -0.0000008  0 0 0 0 20 e   80.6429970

33) 0 0 0 0 23 e  in component 0 = 106.7603756
   90ToHoAl.18  1036.35393  0.0000800  -0.0000000  0 2 0 0 22 e   1143.1143056
   90ToHoAl.60  1055.0105  0.0000800  -0.0000000  0 2 0 0 24 e   1161.7708756
   85JoHoKa.16  510.67723  0.0010000  -0.0000275  0 1 0 0 22 e   617.4376331
   85JoHoKa.41  529.29811  0.0010000  -0.0000000  0 1 0 0 24 e   636.0584856
   90BlWaHiLa.22  838.3392  0.0010000  0.0000275  1 0 0 0 22 e   945.0995481

34) 0 2 0 0 22 e  in component 0 = 1143.1143056
   90ToHoAl.18  1036.35393  0.0000800  -0.0000000  0 0 0 0 23 e   106.7603756

35) 0 0 0 0 24 e  in component 0 = 116.2571786
   90ToHoAl.19  1035.98692  0.0000800  0.0000000  0 2 0 0 23 e   1152.2440986
   90ToHoAl.61  1055.43703  0.0000800  0.0000000  0 2 0 0 25 e   1171.6942086
   85JoHoKa.17  510.29304  0.0010000  -0.0000000  0 1 0 0 23 e   626.5502186

36) 0 2 0 0 23 e  in component 0 = 1152.2440986
   90ToHoAl.19  1035.98692  0.0000800  0.0000000  0 0 0 0 24 e   116.2571786

37) 0 0 0 0 26 e  in component 0 = 136.4372486
   90ToHoAl.20  1035.25696  0.0000800  0.0000000  0 2 0 0 25 e   1171.6942086
   85JoHoKa.19  509.52577  0.0010000  -0.0000000  0 1 0 0 25 e   645.9630186
   85JoHoKa.43  530.52293  0.0010000  -0.0000000  0 1 0 0 27 e   666.9601786

38) 0 2 0 0 25 e  in component 0 = 1171.6942086
   90ToHoAl.20  1035.25696  0.0000800  0.0000000  0 0 0 0 26 e   136.4372486
   90ToHoAl.61  1055.43703  0.0000800  0.0000000  0 0 0 0 24 e   116.2571786

39) 0 0 0 0 27 e  in component 0 = 147.1200179
   90ToHoAl.21  1034.89432  0.0000800  0.0000011  0 2 0 0 26 e   1182.0143368
   85JoHoKa.20  509.14299  0.0010000  -0.0001739  0 1 0 0 26 e   656.2631818
   85JoHoKa.44  530.93138  0.0010000  -0.0000000  0 1 0 0 28 e   678.0513979

40) 0 2 0 0 26 e  in component 0 = 1182.0143368
   90ToHoAl.21  1034.89432  0.0000800  0.0000011  0 0 0 0 27 e   147.1200179
   90ToHoAl.62  1055.86504  0.0000800  -0.0000011  0 0 0 0 25 e   126.1492956

41) 0 0 0 0 28 e  in component 1 = -1.0000000
   90ToHoAl.22  1034.53235  0.0000800  1034.5323500  0 2 0 0 27 e   -1.0000000
   85JoHoKa.45  531.34124  0.0010000  531.3412400  0 1 0 0 29 e   -1.0000000
   81WePeMaSu.7  858.73037  0.0001000  858.7303700  1 0 0 0 29 e   -1.0000000

42) 0 2 0 0 27 e  in component 1 = -1.0000000
   90ToHoAl.22  1034.53235  0.0000800  1034.5323500  0 0 0 0 28 e   -1.0000000

43) 0 0 0 0 29 e  in component 0 = 169.6725979
   90ToHoAl.23  1034.17195  0.0000800  0.0000000  0 2 0 0 28 e   1203.8445479
   85JoHoKa.21  508.3788  0.0010000  0.0000000  0 1 0 0 28 e   678.0513979
   90BlWaHiLa.23  835.7858  0.0010000  -0.0000000  1 0 0 0 28 e   1005.4583979
   90BlWaHiLa.24  835.7858  0.0010000  -0.0000000  1 0 0 0 28 e   1005.4583979

44) 0 2 0 0 28 e  in component 0 = 1203.8445479
   90ToHoAl.23  1034.17195  0.0000800  0.0000000  0 0 0 0 29 e   169.6725979

45) 0 0 0 0 30 e  in component 1 = -1.0000000
   90ToHoAl.24  1033.81282  0.0000800  1033.8128200  0 2 0 0 29 e   -1.0000000
   85JoHoKa.22  507.99735  0.0010000  507.9973500  0 1 0 0 29 e   -1.0000000
   85JoHoKa.46  532.16128  0.0010000  532.1612800  0 1 0 0 31 e   -1.0000000

46) 0 2 0 0 29 e  in component 1 = -1.0000000
   90ToHoAl.24  1033.81282  0.0000800  1033.8128200  0 0 0 0 30 e   -1.0000000

47) 0 0 0 0 31 e  in component 2 = -1.0000000
   90ToHoAl.25  1033.45517  0.0000800  1033.4551700  0 2 0 0 30 e   -1.0000000
   85JoHoKa.23  507.61691  0.0010000  507.6169100  0 1 0 0 30 e   -1.0000000

48) 0 2 0 0 30 e  in component 2 = -1.0000000
   90ToHoAl.25  1033.45517  0.0000800  1033.4551700  0 0 0 0 31 e   -1.0000000

49) 0 0 0 0 32 e  in component 1 = -1.0000000
   90ToHoAl.26  1033.09871  0.0000800  1033.0987100  0 2 0 0 31 e   -1.0000000
   90ToHoAl.63  1058.89609  0.0000800  1058.8960900  0 2 0 0 33 e   -1.0000000
   85JoHoKa.24  507.23661  0.0010000  507.2366100  0 1 0 0 31 e   -1.0000000
   90BlWaHiLa.6  860.1318  0.0010000  860.1318000  1 0 0 0 33 e   -1.0000000
   90BlWaHiLa.25  834.4933  0.0010000  834.4933000  1 0 0 0 31 e   -1.0000000

50) 0 2 0 0 31 e  in component 1 = -1.0000000
   90ToHoAl.26  1033.09871  0.0000800  1033.0987100  0 0 0 0 32 e   -1.0000000

51) 0 0 0 0 33 e  in component 3 = -1.0000000
   90ToHoAl.27  1032.74377  0.0000800  1032.7437700  0 2 0 0 32 e   -1.0000000
   90ToHoAl.64  1059.33395  0.0000800  1059.3339500  0 2 0 0 34 e   -1.0000000
   85JoHoKa.25  506.85706  0.0010000  506.8570600  0 1 0 0 32 e   -1.0000000
   85JoHoKa.47  533.3953  0.0010000  533.3953000  0 1 0 0 34 e   -1.0000000

52) 0 2 0 0 32 e  in component 3 = -1.0000000
   90ToHoAl.27  1032.74377  0.0000800  1032.7437700  0 0 0 0 33 e   -1.0000000

53) 0 0 0 0 34 e  in component 1 = -1.0000000
   90ToHoAl.28  1032.38988  0.0000800  1032.3898800  0 2 0 0 33 e   -1.0000000
   90ToHoAl.65  1059.77348  0.0000800  1059.7734800  0 2 0 0 35 e   -1.0000000
   85JoHoKa.26  506.47779  0.0010000  506.4777900  0 1 0 0 33 e   -1.0000000
   85JoHoKa.48  533.80725  0.0010000  533.8072500  0 1 0 0 35 e   -1.0000000
   90BlWaHiLa.5  860.8405  0.0010000  860.8405000  1 0 0 0 35 e   -1.0000000

54) 0 2 0 0 33 e  in component 1 = -1.0000000
   90ToHoAl.28  1032.38988  0.0000800  1032.3898800  0 0 0 0 34 e   -1.0000000
   90ToHoAl.63  1058.89609  0.0000800  1058.8960900  0 0 0 0 32 e   -1.0000000

55) 0 0 0 0 36 e  in component 1 = -1.0000000
   90ToHoAl.29  1031.6866  0.0000800  1031.6866000  0 2 0 0 35 e   -1.0000000
   90ToHoAl.67  1060.65608  0.0000800  1060.6560800  0 2 0 0 37 e   -1.0000000
   85JoHoKa.50  534.63278  0.0010000  534.6327800  0 1 0 0 37 e   -1.0000000
   90BlWaHiLa.27  832.7538  0.0010000  832.7538000  1 0 0 0 35 e   -1.0000000
   90BlWaHiLa.28  832.7538  0.0010000  832.7538000  1 0 0 0 35 e   -1.0000000

56) 0 2 0 0 35 e  in component 1 = -1.0000000
   90ToHoAl.29  1031.6866  0.0000800  1031.6866000  0 0 0 0 36 e   -1.0000000
   90ToHoAl.65  1059.77348  0.0000800  1059.7734800  0 0 0 0 34 e   -1.0000000

57) 0 0 0 0 37 e  in component 3 = -1.0000000
   90ToHoAl.30  1031.33695  0.0000800  1031.3369500  0 2 0 0 36 e   -1.0000000
   90ToHoAl.68  1061.09943  0.0000800  1061.0994300  0 2 0 0 38 e   -1.0000000
   85JoHoKa.51  535.04635  0.0010000  535.0463500  0 1 0 0 38 e   -1.0000000
   90BlWaHiLa.29  832.3161  0.0010000  832.3161000  1 0 0 0 36 e   -1.0000000
   90BlWaHiLa.30  832.3161  0.0010000  832.3161000  1 0 0 0 36 e   -1.0000000

58) 0 2 0 0 36 e  in component 3 = -1.0000000
   90ToHoAl.30  1031.33695  0.0000800  1031.3369500  0 0 0 0 37 e   -1.0000000
   90ToHoAl.66  1060.21426  0.0000800  1060.2142600  0 0 0 0 35 e   -1.0000000

59) 0 0 0 0 38 e  in component 1 = -1.0000000
   90ToHoAl.31  1030.98892  0.0000800  1030.9889200  0 2 0 0 37 e   -1.0000000
   90ToHoAl.69  1061.54413  0.0000800  1061.5441300  0 2 0 0 39 e   -1.0000000
   85JoHoKa.52  535.46042  0.0010000  535.4604200  0 1 0 0 39 e   -1.0000000
   81WePeMaSu.5  862.27371  0.0000700  862.2737100  1 0 0 0 39 e   -1.0000000

60) 0 2 0 0 37 e  in component 1 = -1.0000000
   90ToHoAl.31  1030.98892  0.0000800  1030.9889200  0 0 0 0 38 e   -1.0000000
   90ToHoAl.67  1060.65608  0.0000800  1060.6560800  0 0 0 0 36 e   -1.0000000

61) 0 0 0 0 39 e  in component 3 = -1.0000000
   90ToHoAl.32  1030.64229  0.0000800  1030.6422900  0 2 0 0 38 e   -1.0000000
   90ToHoAl.70  1061.98993  0.0000800  1061.9899300  0 2 0 0 40 e   -1.0000000
   85JoHoKa.53  535.87443  0.0010000  535.8744300  0 1 0 0 40 e   -1.0000000

62) 0 2 0 0 38 e  in component 3 = -1.0000000
   90ToHoAl.32  1030.64229  0.0000800  1030.6422900  0 0 0 0 39 e   -1.0000000
   90ToHoAl.68  1061.09943  0.0000800  1061.0994300  0 0 0 0 37 e   -1.0000000

63) 0 0 0 0 40 e  in component 1 = -1.0000000
   90ToHoAl.33  1030.29663  0.0000800  1030.2966300  0 2 0 0 39 e   -1.0000000
   90ToHoAl.71  1062.43691  0.0000800  1062.4369100  0 2 0 0 41 e   -1.0000000
   85JoHoKa.54  536.28924  0.0010000  536.2892400  0 1 0 0 41 e   -1.0000000

64) 0 2 0 0 39 e  in component 1 = -1.0000000
   90ToHoAl.33  1030.29663  0.0000800  1030.2966300  0 0 0 0 40 e   -1.0000000
   90ToHoAl.69  1061.54413  0.0000800  1061.5441300  0 0 0 0 38 e   -1.0000000

65) 0 0 0 0 41 e  in component 3 = -1.0000000
   90ToHoAl.34  1029.95253  0.0000800  1029.9525300  0 2 0 0 40 e   -1.0000000
   90ToHoAl.72  1062.88568  0.0000800  1062.8856800  0 2 0 0 42 e   -1.0000000
   85JoHoKa.55  536.70437  0.0010000  536.7043700  0 1 0 0 42 e   -1.0000000
   90BlWaHiLa.4  863.2825  0.0010000  863.2825000  1 0 0 0 42 e   -1.0000000

66) 0 2 0 0 40 e  in component 3 = -1.0000000
   90ToHoAl.34  1029.95253  0.0000800  1029.9525300  0 0 0 0 41 e   -1.0000000
   90ToHoAl.70  1061.98993  0.0000800  1061.9899300  0 0 0 0 39 e   -1.0000000

67) 0 0 0 0 42 e  in component 1 = -1.0000000
   90ToHoAl.35  1029.60976  0.0000800  1029.6097600  0 2 0 0 41 e   -1.0000000
   90ToHoAl.73  1063.33569  0.0000800  1063.3356900  0 2 0 0 43 e   -1.0000000
   85JoHoKa.56  537.12024  0.0010000  537.1202400  0 1 0 0 43 e   -1.0000000

68) 0 2 0 0 41 e  in component 1 = -1.0000000
   90ToHoAl.35  1029.60976  0.0000800  1029.6097600  0 0 0 0 42 e   -1.0000000
   90ToHoAl.71  1062.43691  0.0000800  1062.4369100  0 0 0 0 40 e   -1.0000000

69) 0 0 0 0 43 e  in component 3 = -1.0000000
   90ToHoAl.36  1029.26845  0.0000800  1029.2684500  0 2 0 0 42 e   -1.0000000
   90ToHoAl.74  1063.78698  0.0000800  1063.7869800  0 2 0 0 44 e   -1.0000000

70) 0 2 0 0 42 e  in component 3 = -1.0000000
   90ToHoAl.36  1029.26845  0.0000800  1029.2684500  0 0 0 0 43 e   -1.0000000
   90ToHoAl.72  1062.88568  0.0000800  1062.8856800  0 0 0 0 41 e   -1.0000000

71) 0 0 0 0 45 e  in component 3 = -1.0000000
   90ToHoAl.37  1028.59014  0.0000800  1028.5901400  0 2 0 0 44 e   -1.0000000
   90ToHoAl.76  1064.6935  0.0000800  1064.6935000  0 2 0 0 46 e   -1.0000000
   90BlWaHiLa.32  828.7725  0.0010000  828.7725000  1 0 0 0 44 e   -1.0000000

72) 0 2 0 0 44 e  in component 3 = -1.0000000
   90ToHoAl.37  1028.59014  0.0000800  1028.5901400  0 0 0 0 45 e   -1.0000000
   90ToHoAl.74  1063.78698  0.0000800  1063.7869800  0 0 0 0 43 e   -1.0000000

73) 0 0 0 0 46 e  in component 4 = -1.0000000
   90ToHoAl.38  1028.25332  0.0000800  1028.2533200  0 2 0 0 45 e   -1.0000000
   85JoHoKa.57  538.78692  0.0010000  538.7869200  0 1 0 0 47 e   -1.0000000

74) 0 2 0 0 45 e  in component 4 = -1.0000000
   90ToHoAl.38  1028.25332  0.0000800  1028.2533200  0 0 0 0 46 e   -1.0000000
   90ToHoAl.75  1064.23921  0.0000800  1064.2392100  0 0 0 0 44 e   -1.0000000

75) 0 0 0 0 47 e  in component 3 = -1.0000000
   90ToHoAl.39  1027.91758  0.0000800  1027.9175800  0 2 0 0 46 e   -1.0000000
   90ToHoAl.77  1065.60536  0.0000800  1065.6053600  0 2 0 0 48 e   -1.0000000
   85JoHoKa.58  539.20463  0.0010000  539.2046300  0 1 0 0 48 e   -1.0000000

76) 0 2 0 0 46 e  in component 3 = -1.0000000
   90ToHoAl.39  1027.91758  0.0000800  1027.9175800  0 0 0 0 47 e   -1.0000000
   90ToHoAl.76  1064.6935  0.0000800  1064.6935000  0 0 0 0 45 e   -1.0000000

77) 0 0 0 0 48 e  in component 5 = -1.0000000
   90ToHoAl.40  1027.58369  0.0000800  1027.5836900  0 2 0 0 47 e   -1.0000000
   90ToHoAl.78  1066.06357  0.0000800  1066.0635700  0 2 0 0 49 e   -1.0000000
   85JoHoKa.59  539.62281  0.0010000  539.6228100  0 1 0 0 49 e   -1.0000000

78) 0 2 0 0 47 e  in component 5 = -1.0000000
   90ToHoAl.40  1027.58369  0.0000800  1027.5836900  0 0 0 0 48 e   -1.0000000

79) 0 0 0 0 52 e  in component 6 = -1.0000000
   90ToHoAl.41  1026.26162  0.0000800  1026.2616200  0 2 0 0 51 e   -1.0000000
   90ToHoAl.80  1067.90956  0.0000800  1067.9095600  0 2 0 0 53 e   -1.0000000

80) 0 2 0 0 51 e  in component 6 = -1.0000000
   90ToHoAl.41  1026.26162  0.0000800  1026.2616200  0 0 0 0 52 e   -1.0000000

81) 0 0 0 0 53 e  in component 7 = -1.0000000
   90ToHoAl.42  1025.93506  0.0000800  1025.9350600  0 2 0 0 52 e   -1.0000000
   90ToHoAl.81  1068.37498  0.0000800  1068.3749800  0 2 0 0 54 e   -1.0000000
   85JoHoKa.60  542.14167  0.0010000  542.1416700  0 1 0 0 54 e   -1.0000000

82) 0 2 0 0 52 e  in component 7 = -1.0000000
   90ToHoAl.42  1025.93506  0.0000800  1025.9350600  0 0 0 0 53 e   -1.0000000

83) 0 0 0 0 56 e  in component 8 = -1.0000000
   90ToHoAl.43  1024.9639  0.0000800  1024.9639000  0 2 0 0 55 e   -1.0000000
   90ToHoAl.83  1069.77812  0.0000800  1069.7781200  0 2 0 0 57 e   -1.0000000

84) 0 2 0 0 55 e  in component 8 = -1.0000000
   90ToHoAl.43  1024.9639  0.0000800  1024.9639000  0 0 0 0 56 e   -1.0000000
   90ToHoAl.82  1068.84085  0.0000800  1068.8408500  0 0 0 0 54 e   -1.0000000

85) 0 0 0 0 3 e  in component 0 = 0.0000000
   90ToHoAl.44  1046.73788  0.0000800  -0.0000000  0 2 0 0 4 e   1046.7378800
   90BlWaHiLa.15  849.3107  0.0010000  -0.0000000  1 0 0 0 4 e   849.3107000

86) 0 2 0 0 4 e  in component 0 = 1046.7378800
   90ToHoAl.44  1046.73788  0.0000800  -0.0000000  0 0 0 0 3 e   0.0000000
   84TaItTa.13  1.5880924529462312  0.0000017  -0.0000000  0 2 0 0 3 e   1045.1497875
   84TaItTa.14  1.951753936384884  0.0000017  0.0000000  0 2 0 0 5 e   1048.6896339

87) 0 0 0 0 4 e  in component 0 = 1.5493439
   90ToHoAl.45  1047.14029  0.0000800  0.0000000  0 2 0 0 5 e   1048.6896339
   90BlWaHiLa.14  849.7006  0.0010000  -0.0000000  1 0 0 0 5 e   851.2499439

88) 0 0 0 0 5 e  in component 0 = 3.5289573
   90ToHoAl.46  1047.5428  0.0000800  0.0000000  0 2 0 0 6 e   1051.0717573
   90BlWaHiLa.13  850.0893  0.0010000  0.0000000  1 0 0 0 6 e   853.6182573

89) 0 2 0 0 24 e  in component 0 = 1161.7708756
   90ToHoAl.60  1055.0105  0.0000800  -0.0000000  0 0 0 0 23 e   106.7603756

90) 0 0 0 0 25 e  in component 0 = 126.1492956
   90ToHoAl.62  1055.86504  0.0000800  -0.0000011  0 2 0 0 26 e   1182.0143368
   85JoHoKa.18  509.90919  0.0010000  0.0000000  0 1 0 0 24 e   636.0584856
   85JoHoKa.42  530.11406  0.0010000  0.0001739  0 1 0 0 26 e   656.2631818

91) 0 2 0 0 34 e  in component 3 = -1.0000000
   90ToHoAl.64  1059.33395  0.0000800  1059.3339500  0 0 0 0 33 e   -1.0000000

92) 0 0 0 0 35 e  in component 3 = -1.0000000
   90ToHoAl.66  1060.21426  0.0000800  1060.2142600  0 2 0 0 36 e   -1.0000000
   85JoHoKa.27  506.09844  0.0010000  506.0984400  0 1 0 0 34 e   -1.0000000
   85JoHoKa.49  534.21975  0.0010000  534.2197500  0 1 0 0 36 e   -1.0000000
   90BlWaHiLa.26  833.1904  0.0010000  833.1904000  1 0 0 0 34 e   -1.0000000
   81WePeMaSu.6  861.22443  0.0000700  861.2244300  1 0 0 0 36 e   -1.0000000

93) 0 2 0 0 43 e  in component 1 = -1.0000000
   90ToHoAl.73  1063.33569  0.0000800  1063.3356900  0 0 0 0 42 e   -1.0000000

94) 0 0 0 0 44 e  in component 4 = -1.0000000
   90ToHoAl.75  1064.23921  0.0000800  1064.2392100  0 2 0 0 45 e   -1.0000000
   90BlWaHiLa.31  829.1436  0.0010000  829.1436000  1 0 0 0 43 e   -1.0000000
   81WePeMaSu.4  864.33363  0.0001000  864.3336300  1 0 0 0 45 e   -1.0000000

95) 0 2 0 0 48 e  in component 3 = -1.0000000
   90ToHoAl.77  1065.60536  0.0000800  1065.6053600  0 0 0 0 47 e   -1.0000000

96) 0 2 0 0 49 e  in component 5 = -1.0000000
   90ToHoAl.78  1066.06357  0.0000800  1066.0635700  0 0 0 0 48 e   -1.0000000

97) 0 0 0 0 49 e  in component 9 = -1.0000000
   90ToHoAl.79  1066.52276  0.0000800  1066.5227600  0 2 0 0 50 e   -1.0000000

98) 0 2 0 0 50 e  in component 9 = -1.0000000
   90ToHoAl.79  1066.52276  0.0000800  1066.5227600  0 0 0 0 49 e   -1.0000000

99) 0 2 0 0 53 e  in component 6 = -1.0000000
   90ToHoAl.80  1067.90956  0.0000800  1067.9095600  0 0 0 0 52 e   -1.0000000

100) 0 2 0 0 54 e  in component 7 = -1.0000000
   90ToHoAl.81  1068.37498  0.0000800  1068.3749800  0 0 0 0 53 e   -1.0000000

101) 0 0 0 0 54 e  in component 8 = -1.0000000
   90ToHoAl.82  1068.84085  0.0000800  1068.8408500  0 2 0 0 55 e   -1.0000000

102) 0 2 0 0 57 e  in component 8 = -1.0000000
   90ToHoAl.83  1069.77812  0.0000800  1069.7781200  0 0 0 0 56 e   -1.0000000

103) 0 0 0 0 57 e  in component 10 = -1.0000000
   90ToHoAl.84  1070.24926  0.0000800  1070.2492600  0 2 0 0 58 e   -1.0000000

104) 0 2 0 0 58 e  in component 10 = -1.0000000
   90ToHoAl.84  1070.24926  0.0000800  1070.2492600  0 0 0 0 57 e   -1.0000000

105) 0 0 0 0 58 e  in component 11 = -1.0000000
   90ToHoAl.85  1070.721  0.0000800  1070.7210000  0 2 0 0 59 e   -1.0000000

106) 0 2 0 0 59 e  in component 11 = -1.0000000
   90ToHoAl.85  1070.721  0.0000800  1070.7210000  0 0 0 0 58 e   -1.0000000

107) 0 1 0 0 5 e  in component 0 = 523.1716439
   85JoHoKa.1  517.26824  0.0010000  0.0000000  0 0 0 0 6 e   5.9034039

108) 0 1 0 0 6 e  in component 0 = 525.5695073
   85JoHoKa.2  516.89549  0.0010000  0.0000000  0 0 0 0 7 e   8.6740173

109) 0 1 0 0 8 e  in component 0 = 531.4544803
   85JoHoKa.3  516.11103  0.0010000  0.0000000  0 0 0 0 9 e   15.3434503

110) 0 0 0 0 10 e  in component 0 = 19.3006139
   85JoHoKa.4  515.7796  0.0010000  -0.0000000  0 1 0 0 9 e   535.0802139
   85JoHoKa.30  524.0415  0.0010000  0.0000000  0 1 0 0 11 e   543.3421139

111) 0 1 0 0 9 e  in component 0 = 535.0802139
   85JoHoKa.4  515.7796  0.0010000  -0.0000000  0 0 0 0 10 e   19.3006139
   85JoHoKa.28  523.23969  0.0010000  0.0000000  0 0 0 0 8 e   11.8405239

112) 0 1 0 0 11 e  in component 0 = 543.3421139
   85JoHoKa.6  514.93832  0.0010000  -0.0000000  0 0 0 0 12 e   28.4037939
   85JoHoKa.30  524.0415  0.0010000  0.0000000  0 0 0 0 10 e   19.3006139

113) 0 1 0 0 12 e  in component 0 = 548.0975817
   85JoHoKa.7  514.54841  0.0010000  -0.0001888  0 0 0 0 13 e   33.5489829
   85JoHoKa.31  524.44313  0.0010000  0.0001888  0 0 0 0 11 e   23.6546405

114) 0 1 0 0 13 e  in component 0 = 553.2487643
   85JoHoKa.8  514.15911  0.0010000  -0.0000696  0 0 0 0 14 e   39.0895848
   85JoHoKa.32  524.84504  0.0010000  0.0000696  0 0 0 0 12 e   28.4037939

115) 0 1 0 0 15 e  in component 0 = 564.7398859
   85JoHoKa.9  513.3815  0.0010000  -0.0001789  0 0 0 0 16 e   51.3582070
   85JoHoKa.34  525.65048  0.0010000  0.0001789  0 0 0 0 14 e   39.0895848

116) 0 1 0 0 16 e  in component 0 = 571.0802364
   85JoHoKa.10  512.99458  0.0010000  0.0002335  0 0 0 0 17 e   58.0858899
   85JoHoKa.35  526.054  0.0010000  -0.0002335  0 0 0 0 15 e   45.0260029

117) 0 1 0 0 18 e  in component 0 = 584.9480499
   85JoHoKa.12  512.21963  0.0010000  0.0000000  0 0 0 0 19 e   72.7284199

118) 0 1 0 0 19 e  in component 0 = 592.4760970
   85JoHoKa.13  511.8331  0.0010000  -0.0000000  0 0 0 0 20 e   80.6429970

119) 0 1 0 0 20 e  in component 0 = 600.4008753
   85JoHoKa.14  511.4477  0.0010000  -0.0000547  0 0 0 0 21 e   88.9531206
   85JoHoKa.37  527.67251  0.0010000  0.0000547  0 0 0 0 19 e   72.7284199

120) 0 1 0 0 21 e  in component 0 = 608.7211628
   85JoHoKa.15  511.06221  0.0010000  -0.0001242  0 0 0 0 22 e   97.6588286
   85JoHoKa.38  528.07829  0.0010000  0.0001242  0 0 0 0 20 e   80.6429970

121) 0 1 0 0 22 e  in component 0 = 617.4376331
   85JoHoKa.16  510.67723  0.0010000  -0.0000275  0 0 0 0 23 e   106.7603756
   85JoHoKa.39  528.48454  0.0010000  0.0000275  0 0 0 0 21 e   88.9531206

122) 0 1 0 0 23 e  in component 0 = 626.5502186
   85JoHoKa.17  510.29304  0.0010000  -0.0000000  0 0 0 0 24 e   116.2571786
   85JoHoKa.40  528.89139  0.0010000  0.0000000  0 0 0 0 22 e   97.6588286

123) 0 1 0 0 24 e  in component 0 = 636.0584856
   85JoHoKa.18  509.90919  0.0010000  0.0000000  0 0 0 0 25 e   126.1492956
   85JoHoKa.41  529.29811  0.0010000  -0.0000000  0 0 0 0 23 e   106.7603756

124) 0 1 0 0 25 e  in component 0 = 645.9630186
   85JoHoKa.19  509.52577  0.0010000  -0.0000000  0 0 0 0 26 e   136.4372486

125) 0 1 0 0 26 e  in component 0 = 656.2631818
   85JoHoKa.20  509.14299  0.0010000  -0.0001739  0 0 0 0 27 e   147.1200179
   85JoHoKa.42  530.11406  0.0010000  0.0001739  0 0 0 0 25 e   126.1492956

126) 0 1 0 0 28 e  in component 0 = 678.0513979
   85JoHoKa.21  508.3788  0.0010000  0.0000000  0 0 0 0 29 e   169.6725979
   85JoHoKa.44  530.93138  0.0010000  -0.0000000  0 0 0 0 27 e   147.1200179

127) 0 1 0 0 29 e  in component 1 = -1.0000000
   85JoHoKa.22  507.99735  0.0010000  507.9973500  0 0 0 0 30 e   -1.0000000
   85JoHoKa.45  531.34124  0.0010000  531.3412400  0 0 0 0 28 e   -1.0000000

128) 0 1 0 0 30 e  in component 2 = -1.0000000
   85JoHoKa.23  507.61691  0.0010000  507.6169100  0 0 0 0 31 e   -1.0000000

129) 0 1 0 0 31 e  in component 1 = -1.0000000
   85JoHoKa.24  507.23661  0.0010000  507.2366100  0 0 0 0 32 e   -1.0000000
   85JoHoKa.46  532.16128  0.0010000  532.1612800  0 0 0 0 30 e   -1.0000000

130) 0 1 0 0 32 e  in component 3 = -1.0000000
   85JoHoKa.25  506.85706  0.0010000  506.8570600  0 0 0 0 33 e   -1.0000000

131) 0 1 0 0 33 e  in component 1 = -1.0000000
   85JoHoKa.26  506.47779  0.0010000  506.4777900  0 0 0 0 34 e   -1.0000000

132) 0 1 0 0 34 e  in component 3 = -1.0000000
   85JoHoKa.27  506.09844  0.0010000  506.0984400  0 0 0 0 35 e   -1.0000000
   85JoHoKa.47  533.3953  0.0010000  533.3953000  0 0 0 0 33 e   -1.0000000

133) 0 1 0 0 14 e  in component 0 = 558.7963129
   85JoHoKa.33  525.24733  0.0010000  -0.0000000  0 0 0 0 13 e   33.5489829

134) 0 1 0 0 27 e  in component 0 = 666.9601786
   85JoHoKa.43  530.52293  0.0010000  -0.0000000  0 0 0 0 26 e   136.4372486

135) 0 1 0 0 35 e  in component 1 = -1.0000000
   85JoHoKa.48  533.80725  0.0010000  533.8072500  0 0 0 0 34 e   -1.0000000

136) 0 1 0 0 36 e  in component 3 = -1.0000000
   85JoHoKa.49  534.21975  0.0010000  534.2197500  0 0 0 0 35 e   -1.0000000

137) 0 1 0 0 37 e  in component 1 = -1.0000000
   85JoHoKa.50  534.63278  0.0010000  534.6327800  0 0 0 0 36 e   -1.0000000

138) 0 1 0 0 38 e  in component 3 = -1.0000000
   85JoHoKa.51  535.04635  0.0010000  535.0463500  0 0 0 0 37 e   -1.0000000

139) 0 1 0 0 39 e  in component 1 = -1.0000000
   85JoHoKa.52  535.46042  0.0010000  535.4604200  0 0 0 0 38 e   -1.0000000

140) 0 1 0 0 40 e  in component 3 = -1.0000000
   85JoHoKa.53  535.87443  0.0010000  535.8744300  0 0 0 0 39 e   -1.0000000

141) 0 1 0 0 41 e  in component 1 = -1.0000000
   85JoHoKa.54  536.28924  0.0010000  536.2892400  0 0 0 0 40 e   -1.0000000

142) 0 1 0 0 42 e  in component 3 = -1.0000000
   85JoHoKa.55  536.70437  0.0010000  536.7043700  0 0 0 0 41 e   -1.0000000

143) 0 1 0 0 43 e  in component 1 = -1.0000000
   85JoHoKa.56  537.12024  0.0010000  537.1202400  0 0 0 0 42 e   -1.0000000

144) 0 1 0 0 47 e  in component 4 = -1.0000000
   85JoHoKa.57  538.78692  0.0010000  538.7869200  0 0 0 0 46 e   -1.0000000

145) 0 1 0 0 48 e  in component 3 = -1.0000000
   85JoHoKa.58  539.20463  0.0010000  539.2046300  0 0 0 0 47 e   -1.0000000

146) 0 1 0 0 49 e  in component 5 = -1.0000000
   85JoHoKa.59  539.62281  0.0010000  539.6228100  0 0 0 0 48 e   -1.0000000

147) 0 1 0 0 54 e  in component 7 = -1.0000000
   85JoHoKa.60  542.14167  0.0010000  542.1416700  0 0 0 0 53 e   -1.0000000

148) 0 1 1 0 3 e  in component 12 = -1.0000000
   84TaItTa.1  1.5851213641938917  0.0000017  1.5851214  0 1 1 0 4 e   -1.0000000
   74Ma.8  1.188844450516497  0.0000020  1.1888445  0 1 1 0 2 f   -1.0000000

149) 0 1 1 0 4 e  in component 12 = -1.0000000
   84TaItTa.1  1.5851213641938917  0.0000017  1.5851214  0 1 1 0 3 e   -1.0000000
   84TaItTa.3  1.9480373318797766  0.0000017  1.9480373  0 1 1 0 5 e   -1.0000000

150) 0 1 1 0 3 f  in component 13 = -1.0000000
   84TaItTa.2  1.5874073790075132  0.0000017  1.5874074  0 1 1 0 4 f   -1.0000000
   74Ma.9  1.1900559553102568  0.0000020  1.1900560  0 1 1 0 2 e   -1.0000000

151) 0 1 1 0 4 f  in component 13 = -1.0000000
   84TaItTa.2  1.5874073790075132  0.0000017  1.5874074  0 1 1 0 3 f   -1.0000000
   84TaItTa.4  1.9500626329965913  0.0000017  1.9500626  0 1 1 0 5 f   -1.0000000

152) 0 1 1 0 5 e  in component 12 = -1.0000000
   84TaItTa.3  1.9480373318797766  0.0000017  1.9480373  0 1 1 0 4 e   -1.0000000
   84TaItTa.5  2.3776616822028256  0.0000017  2.3776617  0 1 1 0 6 e   -1.0000000

153) 0 1 1 0 5 f  in component 13 = -1.0000000
   84TaItTa.4  1.9500626329965913  0.0000017  1.9500626  0 1 1 0 4 f   -1.0000000
   84TaItTa.6  2.380090962795335  0.0000017  2.3800910  0 1 1 0 6 f   -1.0000000

154) 0 1 1 0 6 e  in component 12 = -1.0000000
   84TaItTa.5  2.3776616822028256  0.0000017  2.3776617  0 1 1 0 5 e   -1.0000000

155) 0 1 1 0 6 f  in component 13 = -1.0000000
   84TaItTa.6  2.380090962795335  0.0000017  2.3800910  0 1 1 0 5 f   -1.0000000

156) 0 1 1 0 8 e  in component 14 = -1.0000000
   84TaItTa.7  3.5664229084775707  0.0000017  3.5664229  0 1 1 0 9 e   -1.0000000

157) 0 1 1 0 9 e  in component 14 = -1.0000000
   84TaItTa.7  3.5664229084775707  0.0000017  3.5664229  0 1 1 0 8 e   -1.0000000
   84TaItTa.9  3.962660394878913  0.0000017  3.9626604  0 1 1 0 10 e   -1.0000000

158) 0 1 1 0 8 f  in component 15 = -1.0000000
   84TaItTa.8  3.570066729297106  0.0000017  3.5700667  0 1 1 0 9 f   -1.0000000

159) 0 1 1 0 9 f  in component 15 = -1.0000000
   84TaItTa.8  3.570066729297106  0.0000017  3.5700667  0 1 1 0 8 f   -1.0000000
   84TaItTa.10  3.9667085287382378  0.0000017  3.9667085  0 1 1 0 10 f   -1.0000000

160) 0 1 1 0 10 e  in component 14 = -1.0000000
   84TaItTa.9  3.962660394878913  0.0000017  3.9626604  0 1 1 0 9 e   -1.0000000
   84TaItTa.11  4.358886073111286  0.0000017  4.3588861  0 1 1 0 11 e   -1.0000000

161) 0 1 1 0 10 f  in component 15 = -1.0000000
   84TaItTa.10  3.9667085287382378  0.0000017  3.9667085  0 1 1 0 9 f   -1.0000000
   84TaItTa.12  4.3631408165711765  0.0000017  4.3631408  0 1 1 0 11 f   -1.0000000

162) 0 1 1 0 11 e  in component 14 = -1.0000000
   84TaItTa.11  4.358886073111286  0.0000017  4.3588861  0 1 1 0 10 e   -1.0000000
   83WePeMa.6  845.7758133461783  0.0000007  845.7758133  1 1 1 0 12 e   -1.0000000

163) 0 1 1 0 11 f  in component 15 = -1.0000000
   84TaItTa.12  4.3631408165711765  0.0000017  4.3631408  0 1 1 0 10 f   -1.0000000
   83WePeMa.12  845.7831851126822  0.0000007  845.7831851  1 1 1 0 12 f   -1.0000000

164) 0 2 0 0 3 e  in component 0 = 1045.1497875
   84TaItTa.13  1.5880924529462312  0.0000017  -0.0000000  0 2 0 0 4 e   1046.7378800
   74Ma.10  1.1910739929288015  0.0000020  0.0000000  0 2 0 0 2 f   1043.9587136

165) 0 2 0 0 9 e  in component 0 = 1060.5412366
   84TaItTa.16  3.5731265460987682  0.0000017  -0.0000000  0 2 0 0 8 e   1056.9681101
   84TaItTa.19  3.970113884586116  0.0000017  -0.0000000  0 2 0 0 10 e   1064.5113505

166) 0 2 2 0 8 e  in component 16 = -1.0000000
   84TaItTa.17  3.5743671043252196  0.0000017  3.5743671  0 2 2 0 9 e   -1.0000000

167) 0 2 2 0 9 e  in component 16 = -1.0000000
   84TaItTa.17  3.5743671043252196  0.0000017  3.5743671  0 2 2 0 8 e   -1.0000000
   84TaItTa.20  3.9714806634661906  0.0000017  3.9714807  0 2 2 0 10 e   -1.0000000

168) 0 2 2 0 8 f  in component 17 = -1.0000000
   84TaItTa.18  3.5743886525657693  0.0000017  3.5743887  0 2 2 0 9 f   -1.0000000

169) 0 2 2 0 9 f  in component 17 = -1.0000000
   84TaItTa.18  3.5743886525657693  0.0000017  3.5743887  0 2 2 0 8 f   -1.0000000
   84TaItTa.21  3.9715100504629772  0.0000017  3.9715101  0 2 2 0 10 f   -1.0000000

170) 0 2 2 0 10 e  in component 16 = -1.0000000
   84TaItTa.20  3.9714806634661906  0.0000017  3.9714807  0 2 2 0 9 e   -1.0000000
   84TaItTa.23  4.368582381081781  0.0000017  4.3685824  0 2 2 0 11 e   -1.0000000

171) 0 2 2 0 10 f  in component 17 = -1.0000000
   84TaItTa.21  3.9715100504629772  0.0000017  3.9715101  0 2 2 0 9 f   -1.0000000
   84TaItTa.24  4.368621341368101  0.0000017  4.3686213  0 2 2 0 11 f   -1.0000000

172) 0 2 2 0 11 e  in component 16 = -1.0000000
   84TaItTa.23  4.368582381081781  0.0000017  4.3685824  0 2 2 0 10 e   -1.0000000

173) 0 2 2 0 11 f  in component 17 = -1.0000000
   84TaItTa.24  4.368621341368101  0.0000017  4.3686213  0 2 2 0 10 f   -1.0000000

174) 0 3 1 0 3 e  in component 18 = -1.0000000
   84TaItTa.25  1.588744470683115  0.0000017  1.5887445  0 3 1 0 4 e   -1.0000000

175) 0 3 1 0 4 e  in component 18 = -1.0000000
   84TaItTa.25  1.588744470683115  0.0000017  1.5887445  0 3 1 0 3 e   -1.0000000
   84TaItTa.27  1.985923942089297  0.0000017  1.9859239  0 3 1 0 5 e   -1.0000000

176) 0 3 1 0 3 f  in component 19 = -1.0000000
   84TaItTa.26  1.5919046569210222  0.0000017  1.5919047  0 3 1 0 4 f   -1.0000000

177) 0 3 1 0 4 f  in component 19 = -1.0000000
   84TaItTa.26  1.5919046569210222  0.0000017  1.5919047  0 3 1 0 3 f   -1.0000000
   84TaItTa.28  1.9898737078969477  0.0000017  1.9898737  0 3 1 0 5 f   -1.0000000

178) 0 3 1 0 5 e  in component 18 = -1.0000000
   84TaItTa.27  1.985923942089297  0.0000017  1.9859239  0 3 1 0 4 e   -1.0000000
   84TaItTa.29  2.3830978763314987  0.0000017  2.3830979  0 3 1 0 6 e   -1.0000000

179) 0 3 1 0 5 f  in component 19 = -1.0000000
   84TaItTa.28  1.9898737078969477  0.0000017  1.9898737  0 3 1 0 4 f   -1.0000000
   84TaItTa.30  2.3878390229550073  0.0000017  2.3878390  0 3 1 0 6 f   -1.0000000

180) 0 3 1 0 6 e  in component 18 = -1.0000000
   84TaItTa.29  2.3830978763314987  0.0000017  2.3830979  0 3 1 0 5 e   -1.0000000

181) 0 3 1 0 6 f  in component 19 = -1.0000000
   84TaItTa.30  2.3878390229550073  0.0000017  2.3878390  0 3 1 0 5 f   -1.0000000

182) 0 3 1 0 8 e  in component 20 = -1.0000000
   84TaItTa.31  3.574583453997365  0.0000017  3.5745835  0 3 1 0 9 e   -1.0000000

183) 0 3 1 0 9 e  in component 20 = -1.0000000
   84TaItTa.31  3.574583453997365  0.0000017  3.5745835  0 3 1 0 8 e   -1.0000000
   84TaItTa.33  3.9717291353607034  0.0000017  3.9717291  0 3 1 0 10 e   -1.0000000

184) 0 3 1 0 8 f  in component 21 = -1.0000000
   84TaItTa.32  3.581694106527523  0.0000017  3.5816941  0 3 1 0 9 f   -1.0000000

185) 0 3 1 0 9 f  in component 21 = -1.0000000
   84TaItTa.32  3.581694106527523  0.0000017  3.5816941  0 3 1 0 8 f   -1.0000000
   84TaItTa.34  3.979630201370843  0.0000017  3.9796302  0 3 1 0 10 f   -1.0000000

186) 0 3 1 0 10 e  in component 20 = -1.0000000
   84TaItTa.33  3.9717291353607034  0.0000017  3.9717291  0 3 1 0 9 e   -1.0000000
   84TaItTa.35  4.36886517672169  0.0000017  4.3688652  0 3 1 0 11 e   -1.0000000

187) 0 3 1 0 10 f  in component 21 = -1.0000000
   84TaItTa.34  3.979630201370843  0.0000017  3.9796302  0 3 1 0 9 f   -1.0000000
   84TaItTa.36  4.377555622163116  0.0000017  4.3775556  0 3 1 0 11 f   -1.0000000

188) 0 3 1 0 11 e  in component 20 = -1.0000000
   84TaItTa.35  4.36886517672169  0.0000017  4.3688652  0 3 1 0 10 e   -1.0000000

189) 0 3 1 0 11 f  in component 21 = -1.0000000
   84TaItTa.36  4.377555622163116  0.0000017  4.3775556  0 3 1 0 10 f   -1.0000000

190) 0 0 0 0 73 e  in component 22 = -1.0000000
   90BlWaHiLa.1  873.6628  0.0010000  873.6628000  1 0 0 0 74 e   -1.0000000

191) 1 0 0 0 74 e  in component 22 = -1.0000000
   90BlWaHiLa.1  873.6628  0.0010000  873.6628000  0 0 0 0 73 e   -1.0000000

192) 0 0 0 0 61 e  in component 23 = -1.0000000
   90BlWaHiLa.2  869.9229  0.0010000  869.9229000  1 0 0 0 62 e   -1.0000000

193) 1 0 0 0 62 e  in component 23 = -1.0000000
   90BlWaHiLa.2  869.9229  0.0010000  869.9229000  0 0 0 0 61 e   -1.0000000

194) 0 0 0 0 55 e  in component 24 = -1.0000000
   90BlWaHiLa.3  867.9837  0.0010000  867.9837000  1 0 0 0 56 e   -1.0000000

195) 1 0 0 0 56 e  in component 24 = -1.0000000
   90BlWaHiLa.3  867.9837  0.0010000  867.9837000  0 0 0 0 55 e   -1.0000000

196) 1 0 0 0 42 e  in component 3 = -1.0000000
   90BlWaHiLa.4  863.2825  0.0010000  863.2825000  0 0 0 0 41 e   -1.0000000

197) 1 0 0 0 35 e  in component 1 = -1.0000000
   90BlWaHiLa.5  860.8405  0.0010000  860.8405000  0 0 0 0 34 e   -1.0000000
   90BlWaHiLa.27  832.7538  0.0010000  832.7538000  0 0 0 0 36 e   -1.0000000
   90BlWaHiLa.28  832.7538  0.0010000  832.7538000  0 0 0 0 36 e   -1.0000000

198) 1 0 0 0 33 e  in component 1 = -1.0000000
   90BlWaHiLa.6  860.1318  0.0010000  860.1318000  0 0 0 0 32 e   -1.0000000

199) 1 0 0 0 22 e  in component 0 = 945.0995481
   90BlWaHiLa.7  856.1464  0.0010000  -0.0000275  0 0 0 0 21 e   88.9531206
   90BlWaHiLa.22  838.3392  0.0010000  0.0000275  0 0 0 0 23 e   106.7603756

200) 1 0 0 0 17 e  in component 0 = 905.6447070
   90BlWaHiLa.8  854.2865  0.0010000  -0.0000000  0 0 0 0 16 e   51.3582070

201) 1 0 0 0 12 e  in component 0 = 876.0512405
   90BlWaHiLa.11  852.3966  0.0010000  0.0000000  0 0 0 0 11 e   23.6546405
   83WePeMa.1  846.0387952788325  0.0000017  0.0000000  2 0 0 0 13 e   1722.0900358

202) 1 0 0 0 7 e  in component 0 = 856.3802039
   90BlWaHiLa.12  850.4768  0.0010000  -0.0000000  0 0 0 0 6 e   5.9034039

203) 1 0 0 0 6 e  in component 0 = 853.6182573
   90BlWaHiLa.13  850.0893  0.0010000  0.0000000  0 0 0 0 5 e   3.5289573

204) 1 0 0 0 5 e  in component 0 = 851.2499439
   90BlWaHiLa.14  849.7006  0.0010000  -0.0000000  0 0 0 0 4 e   1.5493439

205) 1 0 0 0 4 e  in component 0 = 849.3107000
   90BlWaHiLa.15  849.3107  0.0010000  -0.0000000  0 0 0 0 3 e   0.0000000

206) 1 0 0 0 14 e  in component 0 = 886.7051029
   90BlWaHiLa.16  841.6791  0.0010000  0.0000000  0 0 0 0 15 e   45.0260029

207) 1 0 0 0 19 e  in component 0 = 920.2434971
   90BlWaHiLa.19  839.6005  0.0010000  -0.0000000  0 0 0 0 20 e   80.6429970
   83WePeMa.2  848.6558057441191  0.0000017  0.0000000  2 0 0 0 20 e   1768.8993028

208) 1 0 0 0 20 e  in component 0 = 928.1344206
   90BlWaHiLa.20  839.1813  0.0010000  0.0000000  0 0 0 0 21 e   88.9531206
   83WePeMa.3  849.0243940693131  0.0000011  0.0000000  2 0 0 0 21 e   1777.1588147

209) 1 0 0 0 21 e  in component 0 = 936.4197285
   90BlWaHiLa.21  838.7609  0.0010000  0.0000001  0 0 0 0 22 e   97.6588286
   83WePeMa.4  849.3927155432309  0.0000007  0.0000000  2 0 0 0 22 e   1785.8124441

210) 1 0 0 0 28 e  in component 0 = 1005.4583979
   90BlWaHiLa.23  835.7858  0.0010000  -0.0000000  0 0 0 0 29 e   169.6725979
   90BlWaHiLa.24  835.7858  0.0010000  -0.0000000  0 0 0 0 29 e   169.6725979

211) 1 0 0 0 31 e  in component 1 = -1.0000000
   90BlWaHiLa.25  834.4933  0.0010000  834.4933000  0 0 0 0 32 e   -1.0000000

212) 1 0 0 0 34 e  in component 3 = -1.0000000
   90BlWaHiLa.26  833.1904  0.0010000  833.1904000  0 0 0 0 35 e   -1.0000000

213) 1 0 0 0 36 e  in component 3 = -1.0000000
   90BlWaHiLa.29  832.3161  0.0010000  832.3161000  0 0 0 0 37 e   -1.0000000
   90BlWaHiLa.30  832.3161  0.0010000  832.3161000  0 0 0 0 37 e   -1.0000000
   81WePeMaSu.6  861.22443  0.0000700  861.2244300  0 0 0 0 35 e   -1.0000000

214) 1 0 0 0 43 e  in component 4 = -1.0000000
   90BlWaHiLa.31  829.1436  0.0010000  829.1436000  0 0 0 0 44 e   -1.0000000

215) 1 0 0 0 44 e  in component 3 = -1.0000000
   90BlWaHiLa.32  828.7725  0.0010000  828.7725000  0 0 0 0 45 e   -1.0000000

216) 0 0 0 0 89 e  in component 25 = -1.0000000
   81WePeMaSu.1  878.3559  0.0001300  878.3559000  1 0 0 0 90 e   -1.0000000

217) 1 0 0 0 90 e  in component 25 = -1.0000000
   81WePeMaSu.1  878.3559  0.0001300  878.3559000  0 0 0 0 89 e   -1.0000000

218) 0 0 0 0 63 e  in component 26 = -1.0000000
   81WePeMaSu.2  870.58088  0.0000700  870.5808800  1 0 0 0 64 e   -1.0000000

219) 1 0 0 0 64 e  in component 26 = -1.0000000
   81WePeMaSu.2  870.58088  0.0000700  870.5808800  0 0 0 0 63 e   -1.0000000

220) 0 0 0 0 50 e  in component 27 = -1.0000000
   81WePeMaSu.3  866.35439  0.0001700  866.3543900  1 0 0 0 51 e   -1.0000000

221) 1 0 0 0 51 e  in component 27 = -1.0000000
   81WePeMaSu.3  866.35439  0.0001700  866.3543900  0 0 0 0 50 e   -1.0000000

222) 1 0 0 0 45 e  in component 4 = -1.0000000
   81WePeMaSu.4  864.33363  0.0001000  864.3336300  0 0 0 0 44 e   -1.0000000

223) 1 0 0 0 39 e  in component 1 = -1.0000000
   81WePeMaSu.5  862.27371  0.0000700  862.2737100  0 0 0 0 38 e   -1.0000000

224) 1 0 0 0 29 e  in component 1 = -1.0000000
   81WePeMaSu.7  858.73037  0.0001000  858.7303700  0 0 0 0 28 e   -1.0000000

225) 2 0 0 0 13 e  in component 0 = 1722.0900358
   83WePeMa.1  846.0387952788325  0.0000017  0.0000000  1 0 0 0 12 e   876.0512405

226) 2 0 0 0 20 e  in component 0 = 1768.8993028
   83WePeMa.2  848.6558057441191  0.0000017  0.0000000  1 0 0 0 19 e   920.2434971

227) 2 0 0 0 21 e  in component 0 = 1777.1588147
   83WePeMa.3  849.0243940693131  0.0000011  0.0000000  1 0 0 0 20 e   928.1344206

228) 2 0 0 0 22 e  in component 0 = 1785.8124441
   83WePeMa.4  849.3927155432309  0.0000007  0.0000000  1 0 0 0 21 e   936.4197285

229) 0 1 1 0 7 e  in component 28 = -1.0000000
   83WePeMa.5  838.3094147084914  0.0000012  838.3094147  1 1 1 0 6 e   -1.0000000

230) 1 1 1 0 6 e  in component 28 = -1.0000000
   83WePeMa.5  838.3094147084914  0.0000012  838.3094147  0 1 1 0 7 e   -1.0000000

231) 1 1 1 0 12 e  in component 14 = -1.0000000
   83WePeMa.6  845.7758133461783  0.0000007  845.7758133  0 1 1 0 11 e   -1.0000000

232) 0 1 1 0 18 e  in component 29 = -1.0000000
   83WePeMa.7  848.4258133004801  0.0000007  848.4258133  1 1 1 0 19 e   -1.0000000

233) 1 1 1 0 19 e  in component 29 = -1.0000000
   83WePeMa.7  848.4258133004801  0.0000007  848.4258133  0 1 1 0 18 e   -1.0000000

234) 0 1 1 0 19 e  in component 30 = -1.0000000
   83WePeMa.8  848.7998053640162  0.0000024  848.7998054  1 1 1 0 20 e   -1.0000000

235) 1 1 1 0 20 e  in component 30 = -1.0000000
   83WePeMa.8  848.7998053640162  0.0000024  848.7998054  0 1 1 0 19 e   -1.0000000

236) 0 1 1 0 22 e  in component 31 = -1.0000000
   83WePeMa.9  849.9157106880921  0.0000010  849.9157107  1 1 1 0 23 e   -1.0000000

237) 1 1 1 0 23 e  in component 31 = -1.0000000
   83WePeMa.9  849.9157106880921  0.0000010  849.9157107  0 1 1 0 22 e   -1.0000000

238) 0 1 1 0 28 e  in component 32 = -1.0000000
   83WePeMa.10  852.1139981446764  0.0000020  852.1139981  1 1 1 0 29 e   -1.0000000

239) 1 1 1 0 29 e  in component 32 = -1.0000000
   83WePeMa.10  852.1139981446764  0.0000020  852.1139981  0 1 1 0 28 e   -1.0000000

240) 0 1 1 0 7 f  in component 33 = -1.0000000
   83WePeMa.11  838.3069129777774  0.0000012  838.3069130  1 1 1 0 6 f   -1.0000000

241) 1 1 1 0 6 f  in component 33 = -1.0000000
   83WePeMa.11  838.3069129777774  0.0000012  838.3069130  0 1 1 0 7 f   -1.0000000

242) 1 1 1 0 12 f  in component 15 = -1.0000000
   83WePeMa.12  845.7831851126822  0.0000007  845.7831851  0 1 1 0 11 f   -1.0000000

243) 0 1 1 0 12 f  in component 34 = -1.0000000
   83WePeMa.13  846.1669839606171  0.0000020  846.1669840  1 1 1 0 13 f   -1.0000000

244) 1 1 1 0 13 f  in component 34 = -1.0000000
   83WePeMa.13  846.1669839606171  0.0000020  846.1669840  0 1 1 0 12 f   -1.0000000

245) 0 1 1 0 18 f  in component 35 = -1.0000000
   83WePeMa.14  848.4393893591546  0.0000007  848.4393894  1 1 1 0 19 f   -1.0000000

246) 1 1 1 0 19 f  in component 35 = -1.0000000
   83WePeMa.14  848.4393893591546  0.0000007  848.4393894  0 1 1 0 18 f   -1.0000000

247) 0 1 1 0 19 f  in component 36 = -1.0000000
   83WePeMa.15  848.8140151944716  0.0000024  848.8140152  1 1 1 0 20 f   -1.0000000

248) 1 1 1 0 20 f  in component 36 = -1.0000000
   83WePeMa.15  848.8140151944716  0.0000024  848.8140152  0 1 1 0 19 f   -1.0000000

249) 0 1 1 0 20 f  in component 37 = -1.0000000
   83WePeMa.16  849.1878071195507  0.0000010  849.1878071  1 1 1 0 21 f   -1.0000000

250) 1 1 1 0 21 f  in component 37 = -1.0000000
   83WePeMa.16  849.1878071195507  0.0000010  849.1878071  0 1 1 0 20 f   -1.0000000

251) 0 1 1 0 22 f  in component 38 = -1.0000000
   83WePeMa.17  849.9325890313091  0.0000010  849.9325890  1 1 1 0 23 f   -1.0000000

252) 1 1 1 0 23 f  in component 38 = -1.0000000
   83WePeMa.17  849.9325890313091  0.0000010  849.9325890  0 1 1 0 22 f   -1.0000000

253) 0 1 1 0 28 f  in component 39 = -1.0000000
   83WePeMa.18  852.1389820954068  0.0000020  852.1389821  1 1 1 0 29 f   -1.0000000

254) 1 1 1 0 29 f  in component 39 = -1.0000000
   83WePeMa.18  852.1389820954068  0.0000020  852.1389821  0 1 1 0 28 f   -1.0000000

255) 0 1 1 0 29 f  in component 40 = -1.0000000
   83WePeMa.19  852.5037010770965  0.0000013  852.5037011  1 1 1 0 30 f   -1.0000000

256) 1 1 1 0 30 f  in component 40 = -1.0000000
   83WePeMa.19  852.5037010770965  0.0000013  852.5037011  0 1 1 0 29 f   -1.0000000

257) 0 1 1 0 33 f  in component 41 = -1.0000000
   83WePeMa.20  853.9487007374948  0.0000010  853.9487007  1 1 1 0 34 f   -1.0000000

258) 1 1 1 0 34 f  in component 41 = -1.0000000
   83WePeMa.20  853.9487007374948  0.0000010  853.9487007  0 1 1 0 33 f   -1.0000000

259) 0 1 1 0 53 f  in component 42 = -1.0000000
   83WePeMa.21  860.8999096301482  0.0000017  860.8999096  1 1 1 0 54 f   -1.0000000

260) 1 1 1 0 54 f  in component 42 = -1.0000000
   83WePeMa.21  860.8999096301482  0.0000017  860.8999096  0 1 1 0 53 f   -1.0000000

261) 0 0 0 2 1 f  in component 43 = -1.0000000
   74Ma.1  0.7868256645735898  0.0000027  0.7868257  0 0 0 2 2 e   -1.0000000

262) 0 0 0 2 2 e  in component 43 = -1.0000000
   74Ma.1  0.7868256645735898  0.0000027  0.7868257  0 0 0 2 1 f   -1.0000000

263) 1 0 0 0 1 f  in component 44 = -1.0000000
   74Ma.2  0.7868616894958712  0.0000027  0.7868617  1 0 0 0 2 e   -1.0000000

264) 1 0 0 0 2 e  in component 44 = -1.0000000
   74Ma.2  0.7868616894958712  0.0000027  0.7868617  1 0 0 0 1 f   -1.0000000
   92MaLaFa.7  2049.2089942  0.0334000  2049.2089942  1 0 0 0 1 e   -1.0000000

265) 0 0 0 1 1 f  in component 45 = -1.0000000
   74Ma.3  0.7892313288281588  0.0000013  0.7892313  0 0 0 1 2 e   -1.0000000

266) 0 0 0 1 2 e  in component 45 = -1.0000000
   74Ma.3  0.7892313288281588  0.0000013  0.7892313  0 0 0 1 1 f   -1.0000000

267) 0 1 1 0 1 f  in component 13 = -1.0000000
   74Ma.4  0.7925643012673788  0.0000013  0.7925643  0 1 1 0 2 e   -1.0000000

268) 0 1 1 0 2 e  in component 13 = -1.0000000
   74Ma.4  0.7925643012673788  0.0000013  0.7925643  0 1 1 0 1 f   -1.0000000
   74Ma.9  1.1900559553102568  0.0000020  1.1900560  0 1 1 0 3 f   -1.0000000

269) 0 1 1 0 1 e  in component 12 = -1.0000000
   74Ma.5  0.7933735277623295  0.0000013  0.7933735  0 1 1 0 2 f   -1.0000000

270) 0 1 1 0 2 f  in component 12 = -1.0000000
   74Ma.5  0.7933735277623295  0.0000013  0.7933735  0 1 1 0 1 e   -1.0000000
   74Ma.8  1.188844450516497  0.0000020  1.1888445  0 1 1 0 3 e   -1.0000000

271) 0 2 0 0 1 f  in component 46 = -1.0000000
   74Ma.6  0.7940483279269154  0.0000013  0.7940483  0 2 0 0 2 e   -1.0000000

272) 0 2 0 0 2 e  in component 46 = -1.0000000
   74Ma.6  0.7940483279269154  0.0000013  0.7940483  0 2 0 0 1 f   -1.0000000

273) 0 0 0 1 2 f  in component 47 = -1.0000000
   74Ma.7  1.1838446582935718  0.0000020  1.1838447  0 0 0 1 3 e   -1.0000000

274) 0 0 0 1 3 e  in component 47 = -1.0000000
   74Ma.7  1.1838446582935718  0.0000020  1.1838447  0 0 0 1 2 f   -1.0000000

275) 0 2 0 0 2 f  in component 0 = 1043.9587136
   74Ma.10  1.1910739929288015  0.0000020  0.0000000  0 2 0 0 3 e   1045.1497875

276) 0 2 2 0 2 f  in component 48 = -1.0000000
   74Ma.11  1.1914999542783695  0.0000020  1.1915000  0 2 2 0 3 e   -1.0000000

277) 0 2 2 0 3 e  in component 48 = -1.0000000
   74Ma.11  1.1914999542783695  0.0000020  1.1915000  0 2 2 0 2 f   -1.0000000

278) 0 1 0 1 7 f  in component 49 = -1.0000000
   92MaLaFa.1  1053.9235032  0.0033000  1053.9235032  0 3 0 1 8 e   -1.0000000

279) 0 3 0 1 8 e  in component 49 = -1.0000000
   92MaLaFa.1  1053.9235032  0.0033000  1053.9235032  0 1 0 1 7 f   -1.0000000

280) 0 1 0 1 1 e  in component 50 = -1.0000000
   92MaLaFa.2  2055.1592524  0.0334000  2055.1592524  0 1 1 1 2 e   -1.0000000

281) 0 1 1 1 2 e  in component 50 = -1.0000000
   92MaLaFa.2  2055.1592524  0.0334000  2055.1592524  0 1 0 1 1 e   -1.0000000

282) 0 2 0 2 10 f  in component 51 = -1.0000000
   92MaLaFa.3  2051.0758311  0.0334000  2051.0758311  0 2 0 2 11 f   -1.0000000

283) 0 2 0 2 11 f  in component 51 = -1.0000000
   92MaLaFa.3  2051.0758311  0.0334000  2051.0758311  0 2 0 2 10 f   -1.0000000

284) 0 2 0 2 2 f  in component 52 = -1.0000000
   92MaLaFa.4  2046.9588766  0.0334000  2046.9588766  0 2 1 2 3 f   -1.0000000

285) 0 2 1 2 3 f  in component 52 = -1.0000000
   92MaLaFa.4  2046.9588766  0.0334000  2046.9588766  0 2 0 2 2 f   -1.0000000

286) 0 2 0 2 8 f  in component 53 = -1.0000000
   92MaLaFa.5  2042.8085359  0.0334000  2042.8085359  0 2 1 2 9 f   -1.0000000

287) 0 2 1 2 9 f  in component 53 = -1.0000000
   92MaLaFa.5  2042.8085359  0.0334000  2042.8085359  0 2 0 2 8 f   -1.0000000

288) 0 2 0 2 14 e  in component 54 = -1.0000000
   92MaLaFa.6  2041.0702547  0.0334000  2041.0702547  0 2 1 2 13 e   -1.0000000

289) 0 2 1 2 13 e  in component 54 = -1.0000000
   92MaLaFa.6  2041.0702547  0.0334000  2041.0702547  0 2 0 2 14 e   -1.0000000

290) 1 0 0 0 1 e  in component 44 = -1.0000000
   92MaLaFa.7  2049.2089942  0.0334000  2049.2089942  1 0 0 0 2 e   -1.0000000

291) 1 1 0 1 1 e  in component 55 = -1.0000000
   92MaLaFa.8  2051.0758311  0.0334000  2051.0758311  1 1 1 1 2 f   -1.0000000

292) 1 1 1 1 2 f  in component 55 = -1.0000000
   92MaLaFa.8  2051.0758311  0.0334000  2051.0758311  1 1 0 1 1 e   -1.0000000

293) 0 3 0 3 3 f  in component 56 = -1.0000000
   92MaLaFa.9  2041.0702547  0.0334000  2041.0702547  0 3 1 3 4 e   -1.0000000

294) 0 3 1 3 4 e  in component 56 = -1.0000000
   92MaLaFa.9  2041.0702547  0.0334000  2041.0702547  0 3 0 3 3 f   -1.0000000

295) 0 3 0 3 4 e  in component 57 = -1.0000000
   92MaLaFa.10  2037.1233301  0.0334000  2037.1233301  0 3 1 3 5 e   -1.0000000

296) 0 3 1 3 5 e  in component 57 = -1.0000000
   92MaLaFa.10  2037.1233301  0.0334000  2037.1233301  0 3 0 3 4 e   -1.0000000

297) 0 0 0 1 66 e  in component 58 = -1.0000000
   89VaJeWe.1  26.388490733812922  0.0000067  26.3884907  0 0 0 1 67 e   -1.0000000

298) 0 0 0 1 67 e  in component 58 = -1.0000000
   89VaJeWe.1  26.388490733812922  0.0000067  26.3884907  0 0 0 1 66 e   -1.0000000

299) 0 0 0 0 67 e  in component 59 = -1.0000000
   89VaJeWe.2  26.862015754912687  0.0000067  26.8620158  0 0 0 0 68 e   -1.0000000

300) 0 0 0 0 68 e  in component 59 = -1.0000000
   89VaJeWe.2  26.862015754912687  0.0000067  26.8620158  0 0 0 0 67 e   -1.0000000

301) 0 2 2 0 67 e  in component 60 = -1.0000000
   89VaJeWe.3  26.944095705036048  0.0000067  26.9440957  0 2 2 0 68 e   -1.0000000

302) 0 2 2 0 68 e  in component 60 = -1.0000000
   89VaJeWe.3  26.944095705036048  0.0000067  26.9440957  0 2 2 0 67 e   -1.0000000

303) 0 2 2 0 67 f  in component 61 = -1.0000000
   89VaJeWe.4  26.95363256936904  0.0000067  26.9536326  0 2 2 0 68 f   -1.0000000

304) 0 2 2 0 68 f  in component 61 = -1.0000000
   89VaJeWe.4  26.95363256936904  0.0000067  26.9536326  0 2 2 0 67 f   -1.0000000

305) 0 2 0 0 67 e  in component 62 = -1.0000000
   89VaJeWe.5  26.954077243664347  0.0000067  26.9540772  0 2 0 0 68 e   -1.0000000

306) 0 2 0 0 68 e  in component 62 = -1.0000000
   89VaJeWe.5  26.954077243664347  0.0000067  26.9540772  0 2 0 0 67 e   -1.0000000

307) 0 1 1 0 68 e  in component 63 = -1.0000000
   89VaJeWe.6  27.28826847271788  0.0000067  27.2882685  0 1 1 0 69 e   -1.0000000

308) 0 1 1 0 69 e  in component 63 = -1.0000000
   89VaJeWe.6  27.28826847271788  0.0000067  27.2882685  0 1 1 0 68 e   -1.0000000

309) 0 1 1 0 68 f  in component 64 = -1.0000000
   89VaJeWe.7  27.31603745014826  0.0000067  27.3160375  0 1 1 0 69 f   -1.0000000

310) 0 1 1 0 69 f  in component 64 = -1.0000000
   89VaJeWe.7  27.31603745014826  0.0000067  27.3160375  0 1 1 0 68 f   -1.0000000

