305865.796 0.015 1.500e-02 0 0 0 0 26 e  0 0 0 0 25 e  81BuKaKr.1
329379.32 0.015 1.500e-02 0 0 0 0 28 e  0 0 0 0 27 e  81BuKaKr.2
341134.861 0.015 1.500e-02 0 0 0 0 29 e  0 0 0 0 28 e  81BuKaKr.3
352889.533 0.015 1.500e-02 0 0 0 0 30 e  0 0 0 0 29 e  81BuKaKr.4
376396.286 0.015 1.500e-02 0 0 0 0 32 e  0 0 0 0 31 e  81BuKaKr.5
482127.255 0.015 1.500e-02 0 0 0 0 41 e  0 0 0 0 40 e  81BuKaKr.6
493869.554 0.015 1.500e-02 0 0 0 0 42 e  0 0 0 0 41 e  81BuKaKr.7
306247.24 0.075 7.500e-02 0 1 0 1 26 e  0 1 0 1 25 f  81BuKaKr.8
318018.823 0.075 7.500e-02 0 1 0 1 27 f  0 1 0 1 26 e  81BuKaKr.9
341559.928 0.075 7.500e-02 0 1 0 1 29 f  0 1 0 1 28 e  81BuKaKr.10
353329.275 0.075 7.500e-02 0 1 0 1 30 e  0 1 0 1 29 f  81BuKaKr.11
365097.619 0.075 7.500e-02 0 1 0 1 31 f  0 1 0 1 30 e  81BuKaKr.12
482725.93 0.075 7.500e-02 0 1 0 1 41 f  0 1 0 1 40 e  81BuKaKr.13
494482.591 0.075 7.500e-02 0 1 0 1 42 e  0 1 0 1 41 f  81BuKaKr.14
306558.613 0.075 7.500e-02 0 1 0 1 26 f  0 1 0 1 25 e  81BuKaKr.15
318342.196 0.075 7.500e-02 0 1 0 1 27 e  0 1 0 1 26 f  81BuKaKr.16
330124.965 0.075 7.500e-02 0 1 0 1 28 f  0 1 0 1 27 e  81BuKaKr.17
341907.004 0.075 7.500e-02 0 1 0 1 29 e  0 1 0 1 28 f  81BuKaKr.18
365468.173 0.075 7.500e-02 0 1 0 1 31 e  0 1 0 1 30 f  81BuKaKr.19
483215.708 0.075 7.500e-02 0 1 0 1 41 e  0 1 0 1 40 f  81BuKaKr.20
494984.167 0.075 7.500e-02 0 1 0 1 42 f  0 1 0 1 41 e  81BuKaKr.21
11767.402 0.06 6.000e-02 0 0 0 0 1 e  0 0 0 0 0 e  80MeDr.1
23534.976 0.329 3.290e-01 0 0 0 0 2 e  0 0 0 0 1 e  80MeDr.2
23534.66 0.03 3.000e-02 0 0 0 0 2 e  0 0 0 0 1 e  14DuDeBu.1
70603.022 0.03 3.000e-02 0 0 0 0 6 e  0 0 0 0 5 e  14DuDeBu.2
129434.38 0.03 3.000e-02 0 0 0 0 11 e  0 0 0 0 10 e  14DuDeBu.3
152964.856 0.03 3.000e-02 0 0 0 0 13 e  0 0 0 0 12 e  14DuDeBu.4
23534.67 0.07 7.000e-02 0 0 0 0 2 e  0 0 0 0 1 e  50PaCh.1
1041.279074 0.000003 3.000e-06 0 2 0 0 1 e  0 0 0 0 1 e  92MaLaFa.1
1041.279074 0.000003 3.000e-06 0 2 0 0 2 e  0 0 0 0 2 e  92MaLaFa.2
2041.070255 0.000033 3.300e-05 0 0 1 0 4 e  0 0 0 0 5 e  92MaLaFa.3
2041.070255 0.000033 3.300e-05 0 0 1 0 1 e  0 0 0 0 3 e  92MaLaFa.4
2037.12333 0.000033 3.300e-05 0 0 1 0 3 e  0 0 0 0 2 e  92MaLaFa.5
