nb bootstrap iteration = 100
0 0 0 0 3 e   0.000000000  0.000000000  0.000e+00  0.000e+00  0.000e+00
0 0 0 0 4 e   1.549343936  1.549343936  1.108e-16  1.131e-04  1.600e-04
0 0 0 0 5 e   3.528957305  3.528957305  2.484e-16  1.132e-04  1.789e-04
0 0 0 0 6 e   5.903403936  5.903403936  3.946e-16  1.131e-04  1.600e-04
0 0 0 0 7 e   8.674017305  8.674017305  5.764e-16  1.132e-04  1.789e-04
0 0 0 0 8 e   11.840523936  11.840523936  8.787e-16  1.600e-04  2.654e-04
0 0 0 0 9 e   15.343450366  15.343450704  7.831e-06  2.010e-03  4.720e-03
0 0 0 0 10 e   19.300613936  19.300613936  1.098e-15  1.423e-03  1.767e-03
0 0 0 0 11 e   23.654640585  23.654640585  1.682e-15  2.010e-03  4.720e-03
0 0 0 0 12 e   28.403793936  28.403793936  2.016e-15  2.006e-03  3.189e-03
0 0 0 0 13 e   33.548983002  33.548984562  5.744e-06  2.013e-03  5.511e-03
0 0 0 0 14 e   39.089584827  39.089585400  2.805e-06  2.010e-03  4.271e-03
0 0 0 0 15 e   45.026003002  45.026004562  5.744e-06  2.016e-03  6.204e-03
0 0 0 0 16 e   51.358207116  51.358209139  6.755e-06  2.013e-03  5.132e-03
0 0 0 0 17 e   58.085890013  58.085889579  1.030e-05  2.019e-03  6.829e-03
0 0 0 0 18 e   65.209307116  65.209309139  6.755e-06  2.016e-03  5.870e-03
0 0 0 0 19 e   72.728420013  72.728419579  1.030e-05  2.022e-03  7.404e-03
0 0 0 0 20 e   80.642997116  80.642999139  6.755e-06  2.019e-03  6.527e-03
0 0 0 0 21 e   88.953120713  88.953120773  1.049e-05  2.025e-03  7.938e-03
0 0 0 0 22 e   97.658828706  97.658831499  7.395e-06  2.022e-03  7.126e-03
0 0 0 0 23 e   106.760375713  106.760375699  3.034e-05  2.470e-03  8.615e-03
0 0 0 0 24 e   116.257178706  116.257181499  7.395e-06  2.468e-03  7.871e-03
0 0 0 0 25 e   126.149295713  126.149295699  3.034e-05  2.846e-03  9.456e-03
0 0 0 0 26 e   136.437248706  136.437251499  7.395e-06  2.470e-03  8.612e-03
0 0 0 0 27 e   147.120017938  147.120018992  3.106e-05  2.849e-03  1.028e-02
0 0 0 0 29 e   169.672597938  169.672598992  3.106e-05  3.180e-03  1.117e-02
0 1 0 0 5 e   523.171643936  523.171643936  3.606e-14  1.006e-03  1.019e-03
0 1 0 0 6 e   525.569507305  525.569507305  0.000e+00  1.006e-03  1.022e-03
0 1 0 0 8 e   531.454480366  531.454480704  7.831e-06  2.245e-03  5.226e-03
0 1 0 0 9 e   535.080213936  535.080213936  3.568e-14  1.013e-03  1.047e-03
0 1 0 0 11 e   543.342113936  543.342113936  3.457e-14  1.739e-03  2.479e-03
0 1 0 0 12 e   548.097581794  548.097576727  1.329e-04  2.245e-03  5.226e-03
0 1 0 0 13 e   553.248764382  553.248762586  5.403e-05  2.242e-03  3.899e-03
0 1 0 0 14 e   558.796313002  558.796314562  5.744e-06  2.247e-03  5.952e-03
0 1 0 0 15 e   564.739885971  564.739884866  1.262e-04  2.245e-03  4.825e-03
0 1 0 0 16 e   571.080236508  571.080218892  1.863e-04  2.250e-03  6.600e-03
0 1 0 0 18 e   584.948050013  584.948049579  1.030e-05  2.256e-03  7.740e-03
0 1 0 0 19 e   592.476097116  592.476099139  6.755e-06  2.253e-03  6.905e-03
0 1 0 0 20 e   600.400875363  600.400873431  4.119e-05  2.256e-03  7.740e-03
0 1 0 0 21 e   608.721162911  608.721157805  1.049e-04  2.253e-03  6.905e-03
0 1 0 0 22 e   617.437633213  617.437634743  2.833e-05  2.259e-03  8.253e-03
0 1 0 0 23 e   626.550218706  626.550221499  7.395e-06  2.256e-03  7.475e-03
0 1 0 0 24 e   636.058485713  636.058485699  3.034e-05  2.665e-03  9.018e-03
0 1 0 0 25 e   645.963018706  645.963021499  7.395e-06  2.665e-03  9.014e-03
0 1 0 0 26 e   656.263181825  656.263173438  1.379e-04  3.017e-03  9.926e-03
0 1 0 0 27 e   666.960178706  666.960181499  7.395e-06  2.665e-03  9.014e-03
0 1 0 0 28 e   678.051397938  678.051398992  3.106e-05  3.019e-03  1.071e-02
1 0 0 0 4 e   849.310700000  849.310700000  5.587e-14  1.000e-03  1.000e-03
1 0 0 0 5 e   851.249943936  851.249943936  5.941e-14  1.006e-03  1.019e-03
1 0 0 0 6 e   853.618257305  853.618257305  6.086e-14  1.006e-03  1.022e-03
1 0 0 0 7 e   856.380203936  856.380203936  5.655e-14  1.006e-03  1.019e-03
1 0 0 0 12 e   876.051240585  876.051240585  5.901e-14  2.245e-03  5.226e-03
1 0 0 0 14 e   886.705103002  886.705104562  5.744e-06  2.250e-03  6.600e-03
1 0 0 0 17 e   905.644707116  905.644709139  6.755e-06  2.247e-03  5.603e-03
1 0 0 0 19 e   920.243497116  920.243499139  6.755e-06  2.253e-03  6.905e-03
1 0 0 0 20 e   928.134420713  928.134420773  1.049e-05  2.259e-03  8.253e-03
1 0 0 0 21 e   936.419728706  936.419731499  7.395e-06  2.256e-03  7.475e-03
1 0 0 0 22 e   945.099548213  945.099547948  3.030e-05  2.259e-03  8.253e-03
1 0 0 0 28 e   1005.458397938  1005.458398992  3.106e-05  3.334e-03  1.166e-02
0 2 0 0 2 f   1043.958713554  1043.958713554  7.022e-14  8.004e-05  1.386e-04
0 2 0 0 3 e   1045.149787547  1045.149787547  7.002e-14  8.002e-05  1.131e-04
0 2 0 0 4 e   1046.737880000  1046.737880000  7.123e-14  8.000e-05  8.000e-05
0 2 0 0 5 e   1048.689633936  1048.689633936  6.650e-14  8.002e-05  1.131e-04
0 2 0 0 6 e   1051.071757305  1051.071757305  7.022e-14  8.003e-05  1.386e-04
0 2 0 0 7 e   1053.851043936  1053.851043936  7.041e-14  1.386e-04  2.117e-04
0 2 0 0 8 e   1056.968110146  1056.968110143  1.279e-08  2.008e-03  5.128e-03
0 2 0 0 9 e   1060.541236697  1060.541236695  7.290e-09  2.008e-03  4.719e-03
0 2 0 0 10 e   1064.511350585  1064.511350585  0.000e+00  2.008e-03  4.270e-03
0 2 0 0 11 e   1068.878443936  1068.878443936  7.351e-14  2.008e-03  3.769e-03
0 2 0 0 12 e   1073.642621794  1073.642622707  3.823e-06  2.011e-03  5.130e-03
0 2 0 0 13 e   1078.803424382  1078.803424674  1.420e-06  2.008e-03  3.769e-03
0 2 0 0 14 e   1084.361573002  1084.361574562  5.744e-06  2.014e-03  5.868e-03
0 2 0 0 15 e   1090.316505971  1090.316507133  4.108e-06  2.011e-03  4.721e-03
0 2 0 0 16 e   1096.668341508  1096.668342294  6.649e-06  2.018e-03  6.524e-03
0 2 0 0 17 e   1103.417187116  1103.417189139  6.755e-06  2.014e-03  5.513e-03
0 2 0 0 18 e   1110.562820013  1110.562819579  1.030e-05  2.021e-03  7.122e-03
0 2 0 0 19 e   1118.105417116  1118.105419139  6.755e-06  2.018e-03  6.207e-03
0 2 0 0 20 e   1126.044830363  1126.044830162  1.030e-05  2.024e-03  7.675e-03
0 2 0 0 21 e   1134.381157911  1134.381160297  7.015e-06  2.021e-03  6.833e-03
0 2 0 0 22 e   1143.114305713  1143.114305699  3.034e-05  2.472e-03  8.962e-03
0 2 0 0 23 e   1152.244098706  1152.244101499  7.395e-06  2.469e-03  8.250e-03
0 2 0 0 24 e   1161.770875713  1161.770875699  3.034e-05  2.472e-03  8.962e-03
0 2 0 0 25 e   1171.694208706  1171.694211499  7.395e-06  2.469e-03  8.250e-03
0 2 0 0 26 e   1182.014336825  1182.014337318  3.063e-05  2.848e-03  9.876e-03
0 2 0 0 28 e   1203.844547938  1203.844548992  3.106e-05  3.181e-03  1.162e-02
2 0 0 0 13 e   1722.090035864  1722.090035864  1.146e-13  2.245e-03  5.688e-03
2 0 0 0 20 e   1768.899302860  1768.899304883  6.755e-06  2.253e-03  7.264e-03
2 0 0 0 21 e   1777.158814782  1777.158814842  1.049e-05  2.259e-03  8.557e-03
2 0 0 0 22 e   1785.812444249  1785.812447043  7.395e-06  2.256e-03  7.808e-03
