1)  0 0 0 0 3 e >  0.00000000 bunc = 0.000e+00 sunc=0.000e+00 func = 0.000e+00
90ToHoAl.44  1046.737880  0.00000000  8.000e-05  0.000e+00   0 2 0 0 4 e   1046.73788000 8.000e-05
90BlWaHiLa.15  849.310700  0.00000000  1.000e-03  0.000e+00   1 0 0 0 4 e   849.31070000 1.000e-03

2)  0 0 0 0 4 e >  1.54934394 bunc = 1.108e-16 sunc=1.131e-04 func = 1.600e-04
90ToHoAl.45  1047.140290  1.54934394  8.000e-05  -8.438e-15   0 2 0 0 5 e   1048.68963394 1.131e-04
90BlWaHiLa.14  849.700600  1.54934394  1.000e-03  -8.438e-15   1 0 0 0 5 e   851.24994394 1.019e-03

3)  0 0 0 0 5 e >  3.52895731 bunc = 2.484e-16 sunc=1.132e-04 func = 1.789e-04
90ToHoAl.46  1047.542800  3.52895731  8.000e-05  9.326e-14   0 2 0 0 6 e   1051.07175731 1.386e-04
90BlWaHiLa.13  850.089300  3.52895731  1.000e-03  -2.043e-14   1 0 0 0 6 e   853.61825731 1.022e-03

4)  0 0 0 0 6 e >  5.90340394 bunc = 3.946e-16 sunc=1.131e-04 func = 1.600e-04
90ToHoAl.1  1042.786230  5.90340394  8.000e-05  -7.994e-15   0 2 0 0 5 e   1048.68963394 1.131e-04
90ToHoAl.47  1047.947640  5.90340394  8.000e-05  -7.994e-15   0 2 0 0 7 e   1053.85104394 2.117e-04
85JoHoKa.1  517.268240  5.90340394  1.000e-03  -7.994e-15   0 1 0 0 5 e   523.17164394 1.019e-03
90BlWaHiLa.12  850.476800  5.90340394  1.000e-03  -7.994e-15   1 0 0 0 7 e   856.38020394 1.019e-03

5)  0 0 0 0 7 e >  8.67401731 bunc = 5.764e-16 sunc=1.132e-04 func = 1.789e-04
90ToHoAl.2  1042.397740  8.67401731  8.000e-05  9.237e-14   0 2 0 0 6 e   1051.07175731 1.386e-04
85JoHoKa.2  516.895490  8.67401731  1.000e-03  -2.132e-14   0 1 0 0 6 e   525.56950731 1.022e-03

6)  0 0 0 0 8 e >  11.84052394 bunc = 8.787e-16 sunc=1.600e-04 func = 2.654e-04
90ToHoAl.3  1042.010520  11.84052394  8.000e-05  -8.882e-15   0 2 0 0 7 e   1053.85104394 2.117e-04
85JoHoKa.28  523.239690  11.84052394  1.000e-03  -8.882e-15   0 1 0 0 9 e   535.08021394 1.047e-03

7)  0 0 0 0 9 e >  15.34345037 bunc = 7.831e-06 sunc=2.010e-03 func = 4.720e-03
90ToHoAl.4  1041.624650  15.34346015  8.000e-05  9.780e-06   0 2 0 0 8 e   1056.96811015 5.128e-03
90ToHoAl.48  1049.167910  15.34344059  8.000e-05  -9.780e-06   0 2 0 0 10 e   1064.51135059 4.270e-03
85JoHoKa.3  516.111030  15.34345037  1.000e-03  5.151e-14   0 1 0 0 8 e   531.45448037 5.226e-03

8)  0 0 0 0 10 e >  19.30061394 bunc = 1.098e-15 sunc=1.423e-03 func = 1.767e-03
85JoHoKa.4  515.779600  19.30061394  1.000e-03  -7.105e-15   0 1 0 0 9 e   535.08021394 1.047e-03
85JoHoKa.30  524.041500  19.30061394  1.000e-03  -7.105e-15   0 1 0 0 11 e   543.34211394 2.479e-03

9)  0 0 0 0 11 e >  23.65464059 bunc = 1.682e-15 sunc=2.010e-03 func = 4.720e-03
90ToHoAl.6  1040.856710  23.65464059  8.000e-05  -7.816e-14   0 2 0 0 10 e   1064.51135059 4.270e-03
90ToHoAl.50  1049.987980  23.65464179  8.000e-05  1.208e-06   0 2 0 0 12 e   1073.64262179 5.130e-03
85JoHoKa.31  524.443130  23.65445179  1.000e-03  -1.888e-04   0 1 0 0 12 e   548.09758179 5.226e-03
90BlWaHiLa.11  852.396600  23.65464059  1.000e-03  3.553e-14   1 0 0 0 12 e   876.05124059 5.226e-03

10)  0 0 0 0 12 e >  28.40379394 bunc = 2.016e-15 sunc=2.006e-03 func = 3.189e-03
90ToHoAl.7  1040.474650  28.40379394  8.000e-05  -7.105e-15   0 2 0 0 11 e   1068.87844394 3.769e-03
90ToHoAl.51  1050.399630  28.40379438  8.000e-05  4.452e-07   0 2 0 0 13 e   1078.80342438 3.769e-03
85JoHoKa.6  514.938320  28.40379394  1.000e-03  -7.105e-15   0 1 0 0 11 e   543.34211394 2.479e-03
85JoHoKa.32  524.845040  28.40372438  1.000e-03  -6.955e-05   0 1 0 0 13 e   553.24876438 3.899e-03

11)  0 0 0 0 13 e >  33.54898300 bunc = 5.744e-06 sunc=2.013e-03 func = 5.511e-03
90ToHoAl.8  1040.093640  33.54898179  8.000e-05  -1.208e-06   0 2 0 0 12 e   1073.64262179 5.130e-03
90ToHoAl.52  1050.812590  33.54898300  8.000e-05  -1.421e-14   0 2 0 0 14 e   1084.36157300 5.868e-03
85JoHoKa.7  514.548410  33.54917179  1.000e-03  1.888e-04   0 1 0 0 12 e   548.09758179 5.226e-03
85JoHoKa.33  525.247330  33.54898300  1.000e-03  -1.421e-14   0 1 0 0 14 e   558.79631300 5.952e-03

12)  0 0 0 0 14 e >  39.08958483 bunc = 2.805e-06 sunc=2.010e-03 func = 4.271e-03
90ToHoAl.9  1039.713840  39.08958438  8.000e-05  -4.452e-07   0 2 0 0 13 e   1078.80342438 3.769e-03
90ToHoAl.53  1051.226920  39.08958597  8.000e-05  1.145e-06   0 2 0 0 15 e   1090.31650597 4.721e-03
85JoHoKa.8  514.159110  39.08965438  1.000e-03  6.955e-05   0 1 0 0 13 e   553.24876438 3.899e-03
85JoHoKa.34  525.650480  39.08940597  1.000e-03  -1.789e-04   0 1 0 0 15 e   564.73988597 4.825e-03

13)  0 0 0 0 15 e >  45.02600300 bunc = 5.744e-06 sunc=2.016e-03 func = 6.204e-03
90ToHoAl.10  1039.335570  45.02600300  8.000e-05  -1.421e-14   0 2 0 0 14 e   1084.36157300 5.868e-03
90ToHoAl.54  1051.642340  45.02600151  8.000e-05  -1.494e-06   0 2 0 0 16 e   1096.66834151 6.524e-03
85JoHoKa.35  526.054000  45.02623651  1.000e-03  2.335e-04   0 1 0 0 16 e   571.08023651 6.600e-03
90BlWaHiLa.16  841.679100  45.02600300  1.000e-03  -1.421e-14   1 0 0 0 14 e   886.70510300 6.600e-03

14)  0 0 0 0 16 e >  51.35820712 bunc = 6.755e-06 sunc=2.013e-03 func = 5.132e-03
90ToHoAl.11  1038.958300  51.35820597  8.000e-05  -1.145e-06   0 2 0 0 15 e   1090.31650597 4.721e-03
90ToHoAl.55  1052.058980  51.35820712  8.000e-05  7.105e-14   0 2 0 0 17 e   1103.41718712 5.513e-03
85JoHoKa.9  513.381500  51.35838597  1.000e-03  1.789e-04   0 1 0 0 15 e   564.73988597 4.825e-03
90BlWaHiLa.8  854.286500  51.35820712  1.000e-03  -4.263e-14   1 0 0 0 17 e   905.64470712 5.603e-03

15)  0 0 0 0 17 e >  58.08589001 bunc = 1.030e-05 sunc=2.019e-03 func = 6.829e-03
90ToHoAl.12  1038.582450  58.08589151  8.000e-05  1.494e-06   0 2 0 0 16 e   1096.66834151 6.524e-03
90ToHoAl.56  1052.476930  58.08589001  8.000e-05  -9.237e-14   0 2 0 0 18 e   1110.56282001 7.122e-03
85JoHoKa.10  512.994580  58.08565651  1.000e-03  -2.335e-04   0 1 0 0 16 e   571.08023651 6.600e-03

16)  0 0 0 0 18 e >  65.20930712 bunc = 6.755e-06 sunc=2.016e-03 func = 5.870e-03
90ToHoAl.13  1038.207880  65.20930712  8.000e-05  7.105e-14   0 2 0 0 17 e   1103.41718712 5.513e-03
90ToHoAl.57  1052.896110  65.20930712  8.000e-05  7.105e-14   0 2 0 0 19 e   1118.10541712 6.207e-03

17)  0 0 0 0 19 e >  72.72842001 bunc = 1.030e-05 sunc=2.022e-03 func = 7.404e-03
90ToHoAl.14  1037.834400  72.72842001  8.000e-05  -8.527e-14   0 2 0 0 18 e   1110.56282001 7.122e-03
90ToHoAl.58  1053.316410  72.72842036  8.000e-05  3.498e-07   0 2 0 0 20 e   1126.04483036 7.675e-03
85JoHoKa.12  512.219630  72.72842001  1.000e-03  2.842e-14   0 1 0 0 18 e   584.94805001 7.740e-03
85JoHoKa.37  527.672510  72.72836536  1.000e-03  -5.465e-05   0 1 0 0 20 e   600.40087536 7.740e-03

18)  0 0 0 0 20 e >  80.64299712 bunc = 6.755e-06 sunc=2.019e-03 func = 6.527e-03
90ToHoAl.15  1037.462420  80.64299712  8.000e-05  7.105e-14   0 2 0 0 19 e   1118.10541712 6.207e-03
90ToHoAl.59  1053.738160  80.64299791  8.000e-05  7.949e-07   0 2 0 0 21 e   1134.38115791 6.833e-03
85JoHoKa.13  511.833100  80.64299712  1.000e-03  1.421e-14   0 1 0 0 19 e   592.47609712 6.905e-03
85JoHoKa.38  528.078290  80.64287291  1.000e-03  -1.242e-04   0 1 0 0 21 e   608.72116291 6.905e-03
90BlWaHiLa.19  839.600500  80.64299712  1.000e-03  -4.263e-14   1 0 0 0 19 e   920.24349712 6.905e-03

19)  0 0 0 0 21 e >  88.95312071 bunc = 1.049e-05 sunc=2.025e-03 func = 7.938e-03
90ToHoAl.16  1037.091710  88.95312036  8.000e-05  -3.498e-07   0 2 0 0 20 e   1126.04483036 7.675e-03
85JoHoKa.14  511.447700  88.95317536  1.000e-03  5.465e-05   0 1 0 0 20 e   600.40087536 7.740e-03
85JoHoKa.39  528.484540  88.95309321  1.000e-03  -2.750e-05   0 1 0 0 22 e   617.43763321 8.253e-03
90BlWaHiLa.7  856.146400  88.95314821  1.000e-03  2.750e-05   1 0 0 0 22 e   945.09954821 8.253e-03
90BlWaHiLa.20  839.181300  88.95312071  1.000e-03  4.263e-14   1 0 0 0 20 e   928.13442071 8.253e-03

20)  0 0 0 0 22 e >  97.65882871 bunc = 7.395e-06 sunc=2.022e-03 func = 7.126e-03
90ToHoAl.17  1036.722330  97.65882791  8.000e-05  -7.949e-07   0 2 0 0 21 e   1134.38115791 6.833e-03
85JoHoKa.15  511.062210  97.65895291  1.000e-03  1.242e-04   0 1 0 0 21 e   608.72116291 6.905e-03
85JoHoKa.40  528.891390  97.65882871  1.000e-03  0.000e+00   0 1 0 0 23 e   626.55021871 7.475e-03
90BlWaHiLa.21  838.760900  97.65882871  1.000e-03  0.000e+00   1 0 0 0 21 e   936.41972871 7.475e-03

21)  0 0 0 0 23 e >  106.76037571 bunc = 3.034e-05 sunc=2.470e-03 func = 8.615e-03
90ToHoAl.18  1036.353930  106.76037571  8.000e-05  9.948e-14   0 2 0 0 22 e   1143.11430571 8.962e-03
90ToHoAl.60  1055.010500  106.76037571  8.000e-05  9.948e-14   0 2 0 0 24 e   1161.77087571 8.962e-03
85JoHoKa.16  510.677230  106.76040321  1.000e-03  2.750e-05   0 1 0 0 22 e   617.43763321 8.253e-03
85JoHoKa.41  529.298110  106.76037571  1.000e-03  -1.421e-14   0 1 0 0 24 e   636.05848571 9.018e-03
90BlWaHiLa.22  838.339200  106.76034821  1.000e-03  -2.750e-05   1 0 0 0 22 e   945.09954821 8.253e-03

22)  0 0 0 0 24 e >  116.25717871 bunc = 7.395e-06 sunc=2.468e-03 func = 7.871e-03
90ToHoAl.19  1035.986920  116.25717871  8.000e-05  -1.137e-13   0 2 0 0 23 e   1152.24409871 8.250e-03
90ToHoAl.61  1055.437030  116.25717871  8.000e-05  -1.137e-13   0 2 0 0 25 e   1171.69420871 8.250e-03
85JoHoKa.17  510.293040  116.25717871  1.000e-03  0.000e+00   0 1 0 0 23 e   626.55021871 7.475e-03

23)  0 0 0 0 25 e >  126.14929571 bunc = 3.034e-05 sunc=2.846e-03 func = 9.456e-03
90ToHoAl.62  1055.865040  126.14929683  8.000e-05  1.113e-06   0 2 0 0 26 e   1182.01433683 9.876e-03
85JoHoKa.18  509.909190  126.14929571  1.000e-03  -1.421e-14   0 1 0 0 24 e   636.05848571 9.018e-03
85JoHoKa.42  530.114060  126.14912183  1.000e-03  -1.739e-04   0 1 0 0 26 e   656.26318183 9.926e-03

24)  0 0 0 0 26 e >  136.43724871 bunc = 7.395e-06 sunc=2.470e-03 func = 8.612e-03
90ToHoAl.20  1035.256960  136.43724871  8.000e-05  -1.137e-13   0 2 0 0 25 e   1171.69420871 8.250e-03
85JoHoKa.19  509.525770  136.43724871  1.000e-03  -5.684e-14   0 1 0 0 25 e   645.96301871 9.014e-03
85JoHoKa.43  530.522930  136.43724871  1.000e-03  0.000e+00   0 1 0 0 27 e   666.96017871 9.014e-03

25)  0 0 0 0 27 e >  147.12001794 bunc = 3.106e-05 sunc=2.849e-03 func = 1.028e-02
90ToHoAl.21  1034.894320  147.12001683  8.000e-05  -1.113e-06   0 2 0 0 26 e   1182.01433683 9.876e-03
85JoHoKa.20  509.142990  147.12019183  1.000e-03  1.739e-04   0 1 0 0 26 e   656.26318183 9.926e-03
85JoHoKa.44  530.931380  147.12001794  1.000e-03  -2.842e-14   0 1 0 0 28 e   678.05139794 1.071e-02

26)  0 0 0 0 29 e >  169.67259794 bunc = 3.106e-05 sunc=3.180e-03 func = 1.117e-02
90ToHoAl.23  1034.171950  169.67259794  8.000e-05  -8.527e-14   0 2 0 0 28 e   1203.84454794 1.162e-02
85JoHoKa.21  508.378800  169.67259794  1.000e-03  -2.842e-14   0 1 0 0 28 e   678.05139794 1.071e-02
90BlWaHiLa.23  835.785800  169.67259794  1.000e-03  2.842e-14   1 0 0 0 28 e   1005.45839794 1.166e-02
90BlWaHiLa.24  835.785800  169.67259794  1.000e-03  2.842e-14   1 0 0 0 28 e   1005.45839794 1.166e-02

27)  0 1 0 0 5 e >  523.17164394 bunc = 3.606e-14 sunc=1.006e-03 func = 1.019e-03
85JoHoKa.1  517.268240  523.17164394  1.000e-03  7.994e-15   0 0 0 0 6 e   5.90340394 1.600e-04

28)  0 1 0 0 6 e >  525.56950731 bunc = 0.000e+00 sunc=1.006e-03 func = 1.022e-03
85JoHoKa.2  516.895490  525.56950731  1.000e-03  2.132e-14   0 0 0 0 7 e   8.67401731 1.789e-04

29)  0 1 0 0 8 e >  531.45448037 bunc = 7.831e-06 sunc=2.245e-03 func = 5.226e-03
85JoHoKa.3  516.111030  531.45448037  1.000e-03  -5.151e-14   0 0 0 0 9 e   15.34345037 4.720e-03

30)  0 1 0 0 9 e >  535.08021394 bunc = 3.568e-14 sunc=1.013e-03 func = 1.047e-03
85JoHoKa.4  515.779600  535.08021394  1.000e-03  7.105e-15   0 0 0 0 10 e   19.30061394 1.767e-03
85JoHoKa.28  523.239690  535.08021394  1.000e-03  8.882e-15   0 0 0 0 8 e   11.84052394 2.654e-04

31)  0 1 0 0 11 e >  543.34211394 bunc = 3.457e-14 sunc=1.739e-03 func = 2.479e-03
85JoHoKa.6  514.938320  543.34211394  1.000e-03  7.105e-15   0 0 0 0 12 e   28.40379394 3.189e-03
85JoHoKa.30  524.041500  543.34211394  1.000e-03  7.105e-15   0 0 0 0 10 e   19.30061394 1.767e-03

32)  0 1 0 0 12 e >  548.09758179 bunc = 1.329e-04 sunc=2.245e-03 func = 5.226e-03
85JoHoKa.7  514.548410  548.09739300  1.000e-03  -1.888e-04   0 0 0 0 13 e   33.54898300 5.511e-03
85JoHoKa.31  524.443130  548.09777059  1.000e-03  1.888e-04   0 0 0 0 11 e   23.65464059 4.720e-03

33)  0 1 0 0 13 e >  553.24876438 bunc = 5.403e-05 sunc=2.242e-03 func = 3.899e-03
85JoHoKa.8  514.159110  553.24869483  1.000e-03  -6.955e-05   0 0 0 0 14 e   39.08958483 4.271e-03
85JoHoKa.32  524.845040  553.24883394  1.000e-03  6.955e-05   0 0 0 0 12 e   28.40379394 3.189e-03

34)  0 1 0 0 14 e >  558.79631300 bunc = 5.744e-06 sunc=2.247e-03 func = 5.952e-03
85JoHoKa.33  525.247330  558.79631300  1.000e-03  1.421e-14   0 0 0 0 13 e   33.54898300 5.511e-03

35)  0 1 0 0 15 e >  564.73988597 bunc = 1.262e-04 sunc=2.245e-03 func = 4.825e-03
85JoHoKa.9  513.381500  564.73970712  1.000e-03  -1.789e-04   0 0 0 0 16 e   51.35820712 5.132e-03
85JoHoKa.34  525.650480  564.74006483  1.000e-03  1.789e-04   0 0 0 0 14 e   39.08958483 4.271e-03

36)  0 1 0 0 16 e >  571.08023651 bunc = 1.863e-04 sunc=2.250e-03 func = 6.600e-03
85JoHoKa.10  512.994580  571.08047001  1.000e-03  2.335e-04   0 0 0 0 17 e   58.08589001 6.829e-03
85JoHoKa.35  526.054000  571.08000300  1.000e-03  -2.335e-04   0 0 0 0 15 e   45.02600300 6.204e-03

37)  0 1 0 0 18 e >  584.94805001 bunc = 1.030e-05 sunc=2.256e-03 func = 7.740e-03
85JoHoKa.12  512.219630  584.94805001  1.000e-03  -2.842e-14   0 0 0 0 19 e   72.72842001 7.404e-03

38)  0 1 0 0 19 e >  592.47609712 bunc = 6.755e-06 sunc=2.253e-03 func = 6.905e-03
85JoHoKa.13  511.833100  592.47609712  1.000e-03  -1.421e-14   0 0 0 0 20 e   80.64299712 6.527e-03

39)  0 1 0 0 20 e >  600.40087536 bunc = 4.119e-05 sunc=2.256e-03 func = 7.740e-03
85JoHoKa.14  511.447700  600.40082071  1.000e-03  -5.465e-05   0 0 0 0 21 e   88.95312071 7.938e-03
85JoHoKa.37  527.672510  600.40093001  1.000e-03  5.465e-05   0 0 0 0 19 e   72.72842001 7.404e-03

40)  0 1 0 0 21 e >  608.72116291 bunc = 1.049e-04 sunc=2.253e-03 func = 6.905e-03
85JoHoKa.15  511.062210  608.72103871  1.000e-03  -1.242e-04   0 0 0 0 22 e   97.65882871 7.126e-03
85JoHoKa.38  528.078290  608.72128712  1.000e-03  1.242e-04   0 0 0 0 20 e   80.64299712 6.527e-03

41)  0 1 0 0 22 e >  617.43763321 bunc = 2.833e-05 sunc=2.259e-03 func = 8.253e-03
85JoHoKa.16  510.677230  617.43760571  1.000e-03  -2.750e-05   0 0 0 0 23 e   106.76037571 8.615e-03
85JoHoKa.39  528.484540  617.43766071  1.000e-03  2.750e-05   0 0 0 0 21 e   88.95312071 7.938e-03

42)  0 1 0 0 23 e >  626.55021871 bunc = 7.395e-06 sunc=2.256e-03 func = 7.475e-03
85JoHoKa.17  510.293040  626.55021871  1.000e-03  0.000e+00   0 0 0 0 24 e   116.25717871 7.871e-03
85JoHoKa.40  528.891390  626.55021871  1.000e-03  0.000e+00   0 0 0 0 22 e   97.65882871 7.126e-03

43)  0 1 0 0 24 e >  636.05848571 bunc = 3.034e-05 sunc=2.665e-03 func = 9.018e-03
85JoHoKa.18  509.909190  636.05848571  1.000e-03  1.421e-14   0 0 0 0 25 e   126.14929571 9.456e-03
85JoHoKa.41  529.298110  636.05848571  1.000e-03  1.421e-14   0 0 0 0 23 e   106.76037571 8.615e-03

44)  0 1 0 0 25 e >  645.96301871 bunc = 7.395e-06 sunc=2.665e-03 func = 9.014e-03
85JoHoKa.19  509.525770  645.96301871  1.000e-03  5.684e-14   0 0 0 0 26 e   136.43724871 8.612e-03

45)  0 1 0 0 26 e >  656.26318183 bunc = 1.379e-04 sunc=3.017e-03 func = 9.926e-03
85JoHoKa.20  509.142990  656.26300794  1.000e-03  -1.739e-04   0 0 0 0 27 e   147.12001794 1.028e-02
85JoHoKa.42  530.114060  656.26335571  1.000e-03  1.739e-04   0 0 0 0 25 e   126.14929571 9.456e-03

46)  0 1 0 0 27 e >  666.96017871 bunc = 7.395e-06 sunc=2.665e-03 func = 9.014e-03
85JoHoKa.43  530.522930  666.96017871  1.000e-03  0.000e+00   0 0 0 0 26 e   136.43724871 8.612e-03

47)  0 1 0 0 28 e >  678.05139794 bunc = 3.106e-05 sunc=3.019e-03 func = 1.071e-02
85JoHoKa.21  508.378800  678.05139794  1.000e-03  2.842e-14   0 0 0 0 29 e   169.67259794 1.117e-02
85JoHoKa.44  530.931380  678.05139794  1.000e-03  2.842e-14   0 0 0 0 27 e   147.12001794 1.028e-02

48)  1 0 0 0 4 e >  849.31070000 bunc = 5.587e-14 sunc=1.000e-03 func = 1.000e-03
90BlWaHiLa.15  849.310700  849.31070000  1.000e-03  0.000e+00   0 0 0 0 3 e   0.00000000 0.000e+00

49)  1 0 0 0 5 e >  851.24994394 bunc = 5.941e-14 sunc=1.006e-03 func = 1.019e-03
90BlWaHiLa.14  849.700600  851.24994394  1.000e-03  8.438e-15   0 0 0 0 4 e   1.54934394 1.600e-04

50)  1 0 0 0 6 e >  853.61825731 bunc = 6.086e-14 sunc=1.006e-03 func = 1.022e-03
90BlWaHiLa.13  850.089300  853.61825731  1.000e-03  2.043e-14   0 0 0 0 5 e   3.52895731 1.789e-04

51)  1 0 0 0 7 e >  856.38020394 bunc = 5.655e-14 sunc=1.006e-03 func = 1.019e-03
90BlWaHiLa.12  850.476800  856.38020394  1.000e-03  7.994e-15   0 0 0 0 6 e   5.90340394 1.600e-04

52)  1 0 0 0 12 e >  876.05124059 bunc = 5.901e-14 sunc=2.245e-03 func = 5.226e-03
90BlWaHiLa.11  852.396600  876.05124059  1.000e-03  -3.553e-14   0 0 0 0 11 e   23.65464059 4.720e-03
83WePeMa.1  846.038795  876.05124059  1.735e-06  -5.052e-14   2 0 0 0 13 e   1722.09003586 5.688e-03

53)  1 0 0 0 14 e >  886.70510300 bunc = 5.744e-06 sunc=2.250e-03 func = 6.600e-03
90BlWaHiLa.16  841.679100  886.70510300  1.000e-03  1.421e-14   0 0 0 0 15 e   45.02600300 6.204e-03

54)  1 0 0 0 17 e >  905.64470712 bunc = 6.755e-06 sunc=2.247e-03 func = 5.603e-03
90BlWaHiLa.8  854.286500  905.64470712  1.000e-03  4.263e-14   0 0 0 0 16 e   51.35820712 5.132e-03

55)  1 0 0 0 19 e >  920.24349712 bunc = 6.755e-06 sunc=2.253e-03 func = 6.905e-03
90BlWaHiLa.19  839.600500  920.24349712  1.000e-03  4.263e-14   0 0 0 0 20 e   80.64299712 6.527e-03
83WePeMa.2  848.655806  920.24349712  1.668e-06  6.718e-14   2 0 0 0 20 e   1768.89930286 7.264e-03

56)  1 0 0 0 20 e >  928.13442071 bunc = 1.049e-05 sunc=2.259e-03 func = 8.253e-03
90BlWaHiLa.20  839.181300  928.13442071  1.000e-03  -4.263e-14   0 0 0 0 21 e   88.95312071 7.938e-03
83WePeMa.3  849.024394  928.13442071  1.067e-06  -1.497e-13   2 0 0 0 21 e   1777.15881478 8.557e-03

57)  1 0 0 0 21 e >  936.41972871 bunc = 7.395e-06 sunc=2.256e-03 func = 7.475e-03
90BlWaHiLa.21  838.760900  936.41972871  1.000e-03  0.000e+00   0 0 0 0 22 e   97.65882871 7.126e-03
83WePeMa.4  849.392716  936.41972871  6.671e-07  1.093e-13   2 0 0 0 22 e   1785.81244425 7.808e-03

58)  1 0 0 0 22 e >  945.09954821 bunc = 3.030e-05 sunc=2.259e-03 func = 8.253e-03
90BlWaHiLa.7  856.146400  945.09952071  1.000e-03  -2.750e-05   0 0 0 0 21 e   88.95312071 7.938e-03
90BlWaHiLa.22  838.339200  945.09957571  1.000e-03  2.750e-05   0 0 0 0 23 e   106.76037571 8.615e-03

59)  1 0 0 0 28 e >  1005.45839794 bunc = 3.106e-05 sunc=3.334e-03 func = 1.166e-02
90BlWaHiLa.23  835.785800  1005.45839794  1.000e-03  -2.842e-14   0 0 0 0 29 e   169.67259794 1.117e-02
90BlWaHiLa.24  835.785800  1005.45839794  1.000e-03  -2.842e-14   0 0 0 0 29 e   169.67259794 1.117e-02

60)  0 2 0 0 2 f >  1043.95871355 bunc = 7.022e-14 sunc=8.004e-05 func = 1.386e-04
74Ma.10  1.191074  1043.95871355  2.001e-06  -5.127e-14   0 2 0 0 3 e   1045.14978755 1.131e-04

61)  0 2 0 0 3 e >  1045.14978755 bunc = 7.002e-14 sunc=8.002e-05 func = 1.131e-04
84TaItTa.13  1.588092  1045.14978755  1.668e-06  5.337e-14   0 2 0 0 4 e   1046.73788000 8.000e-05
74Ma.10  1.191074  1045.14978755  2.001e-06  5.127e-14   0 2 0 0 2 f   1043.95871355 1.386e-04

62)  0 2 0 0 4 e >  1046.73788000 bunc = 7.123e-14 sunc=8.000e-05 func = 8.000e-05
90ToHoAl.44  1046.737880  1046.73788000  8.000e-05  0.000e+00   0 0 0 0 3 e   0.00000000 0.000e+00
84TaItTa.13  1.588092  1046.73788000  1.668e-06  -5.337e-14   0 2 0 0 3 e   1045.14978755 1.131e-04
84TaItTa.14  1.951754  1046.73788000  1.668e-06  -8.389e-15   0 2 0 0 5 e   1048.68963394 1.131e-04

63)  0 2 0 0 5 e >  1048.68963394 bunc = 6.650e-14 sunc=8.002e-05 func = 1.131e-04
90ToHoAl.1  1042.786230  1048.68963394  8.000e-05  7.994e-15   0 0 0 0 6 e   5.90340394 1.600e-04
90ToHoAl.45  1047.140290  1048.68963394  8.000e-05  8.438e-15   0 0 0 0 4 e   1.54934394 1.600e-04
84TaItTa.14  1.951754  1048.68963394  1.668e-06  8.389e-15   0 2 0 0 4 e   1046.73788000 8.000e-05
84TaItTa.15  2.382123  1048.68963394  1.668e-06  1.015e-13   0 2 0 0 6 e   1051.07175731 1.386e-04

64)  0 2 0 0 6 e >  1051.07175731 bunc = 7.022e-14 sunc=8.003e-05 func = 1.386e-04
90ToHoAl.2  1042.397740  1051.07175731  8.000e-05  -9.237e-14   0 0 0 0 7 e   8.67401731 1.789e-04
90ToHoAl.46  1047.542800  1051.07175731  8.000e-05  -9.326e-14   0 0 0 0 5 e   3.52895731 1.789e-04
84TaItTa.15  2.382123  1051.07175731  1.668e-06  -1.015e-13   0 2 0 0 5 e   1048.68963394 1.131e-04

65)  0 2 0 0 7 e >  1053.85104394 bunc = 7.041e-14 sunc=1.386e-04 func = 2.117e-04
90ToHoAl.3  1042.010520  1053.85104394  8.000e-05  8.882e-15   0 0 0 0 8 e   11.84052394 2.654e-04
90ToHoAl.47  1047.947640  1053.85104394  8.000e-05  7.994e-15   0 0 0 0 6 e   5.90340394 1.600e-04

66)  0 2 0 0 8 e >  1056.96811015 bunc = 1.279e-08 sunc=2.008e-03 func = 5.128e-03
90ToHoAl.4  1041.624650  1056.96810037  8.000e-05  -9.780e-06   0 0 0 0 9 e   15.34345037 4.720e-03
84TaItTa.16  3.573127  1056.96811015  1.668e-06  4.251e-09   0 2 0 0 9 e   1060.54123670 4.719e-03

67)  0 2 0 0 9 e >  1060.54123670 bunc = 7.290e-09 sunc=2.008e-03 func = 4.719e-03
84TaItTa.16  3.573127  1060.54123669  1.668e-06  -4.251e-09   0 2 0 0 8 e   1056.96811015 5.128e-03
84TaItTa.19  3.970114  1060.54123670  1.668e-06  4.251e-09   0 2 0 0 10 e   1064.51135059 4.270e-03

68)  0 2 0 0 10 e >  1064.51135059 bunc = 0.000e+00 sunc=2.008e-03 func = 4.270e-03
90ToHoAl.6  1040.856710  1064.51135059  8.000e-05  7.816e-14   0 0 0 0 11 e   23.65464059 4.720e-03
90ToHoAl.48  1049.167910  1064.51136037  8.000e-05  9.780e-06   0 0 0 0 9 e   15.34345037 4.720e-03
84TaItTa.19  3.970114  1064.51135058  1.668e-06  -4.251e-09   0 2 0 0 9 e   1060.54123670 4.719e-03
84TaItTa.22  4.367093  1064.51135059  1.668e-06  6.898e-14   0 2 0 0 11 e   1068.87844394 3.769e-03

69)  0 2 0 0 11 e >  1068.87844394 bunc = 7.351e-14 sunc=2.008e-03 func = 3.769e-03
90ToHoAl.7  1040.474650  1068.87844394  8.000e-05  7.105e-15   0 0 0 0 12 e   28.40379394 3.189e-03
84TaItTa.22  4.367093  1068.87844394  1.668e-06  -6.898e-14   0 2 0 0 10 e   1064.51135059 4.270e-03

70)  0 2 0 0 12 e >  1073.64262179 bunc = 3.823e-06 sunc=2.011e-03 func = 5.130e-03
90ToHoAl.8  1040.093640  1073.64262300  8.000e-05  1.208e-06   0 0 0 0 13 e   33.54898300 5.511e-03
90ToHoAl.50  1049.987980  1073.64262059  8.000e-05  -1.208e-06   0 0 0 0 11 e   23.65464059 4.720e-03

71)  0 2 0 0 13 e >  1078.80342438 bunc = 1.420e-06 sunc=2.008e-03 func = 3.769e-03
90ToHoAl.9  1039.713840  1078.80342483  8.000e-05  4.452e-07   0 0 0 0 14 e   39.08958483 4.271e-03
90ToHoAl.51  1050.399630  1078.80342394  8.000e-05  -4.452e-07   0 0 0 0 12 e   28.40379394 3.189e-03

72)  0 2 0 0 14 e >  1084.36157300 bunc = 5.744e-06 sunc=2.014e-03 func = 5.868e-03
90ToHoAl.10  1039.335570  1084.36157300  8.000e-05  1.421e-14   0 0 0 0 15 e   45.02600300 6.204e-03
90ToHoAl.52  1050.812590  1084.36157300  8.000e-05  1.421e-14   0 0 0 0 13 e   33.54898300 5.511e-03

73)  0 2 0 0 15 e >  1090.31650597 bunc = 4.108e-06 sunc=2.011e-03 func = 4.721e-03
90ToHoAl.11  1038.958300  1090.31650712  8.000e-05  1.145e-06   0 0 0 0 16 e   51.35820712 5.132e-03
90ToHoAl.53  1051.226920  1090.31650483  8.000e-05  -1.145e-06   0 0 0 0 14 e   39.08958483 4.271e-03

74)  0 2 0 0 16 e >  1096.66834151 bunc = 6.649e-06 sunc=2.018e-03 func = 6.524e-03
90ToHoAl.12  1038.582450  1096.66834001  8.000e-05  -1.494e-06   0 0 0 0 17 e   58.08589001 6.829e-03
90ToHoAl.54  1051.642340  1096.66834300  8.000e-05  1.494e-06   0 0 0 0 15 e   45.02600300 6.204e-03

75)  0 2 0 0 17 e >  1103.41718712 bunc = 6.755e-06 sunc=2.014e-03 func = 5.513e-03
90ToHoAl.13  1038.207880  1103.41718712  8.000e-05  -7.105e-14   0 0 0 0 18 e   65.20930712 5.870e-03
90ToHoAl.55  1052.058980  1103.41718712  8.000e-05  -7.105e-14   0 0 0 0 16 e   51.35820712 5.132e-03

76)  0 2 0 0 18 e >  1110.56282001 bunc = 1.030e-05 sunc=2.021e-03 func = 7.122e-03
90ToHoAl.14  1037.834400  1110.56282001  8.000e-05  8.527e-14   0 0 0 0 19 e   72.72842001 7.404e-03
90ToHoAl.56  1052.476930  1110.56282001  8.000e-05  9.237e-14   0 0 0 0 17 e   58.08589001 6.829e-03

77)  0 2 0 0 19 e >  1118.10541712 bunc = 6.755e-06 sunc=2.018e-03 func = 6.207e-03
90ToHoAl.15  1037.462420  1118.10541712  8.000e-05  -7.105e-14   0 0 0 0 20 e   80.64299712 6.527e-03
90ToHoAl.57  1052.896110  1118.10541712  8.000e-05  -7.105e-14   0 0 0 0 18 e   65.20930712 5.870e-03

78)  0 2 0 0 20 e >  1126.04483036 bunc = 1.030e-05 sunc=2.024e-03 func = 7.675e-03
90ToHoAl.16  1037.091710  1126.04483071  8.000e-05  3.498e-07   0 0 0 0 21 e   88.95312071 7.938e-03
90ToHoAl.58  1053.316410  1126.04483001  8.000e-05  -3.498e-07   0 0 0 0 19 e   72.72842001 7.404e-03

79)  0 2 0 0 21 e >  1134.38115791 bunc = 7.015e-06 sunc=2.021e-03 func = 6.833e-03
90ToHoAl.17  1036.722330  1134.38115871  8.000e-05  7.949e-07   0 0 0 0 22 e   97.65882871 7.126e-03
90ToHoAl.59  1053.738160  1134.38115712  8.000e-05  -7.949e-07   0 0 0 0 20 e   80.64299712 6.527e-03

80)  0 2 0 0 22 e >  1143.11430571 bunc = 3.034e-05 sunc=2.472e-03 func = 8.962e-03
90ToHoAl.18  1036.353930  1143.11430571  8.000e-05  -9.948e-14   0 0 0 0 23 e   106.76037571 8.615e-03

81)  0 2 0 0 23 e >  1152.24409871 bunc = 7.395e-06 sunc=2.469e-03 func = 8.250e-03
90ToHoAl.19  1035.986920  1152.24409871  8.000e-05  1.137e-13   0 0 0 0 24 e   116.25717871 7.871e-03

82)  0 2 0 0 24 e >  1161.77087571 bunc = 3.034e-05 sunc=2.472e-03 func = 8.962e-03
90ToHoAl.60  1055.010500  1161.77087571  8.000e-05  -9.948e-14   0 0 0 0 23 e   106.76037571 8.615e-03

83)  0 2 0 0 25 e >  1171.69420871 bunc = 7.395e-06 sunc=2.469e-03 func = 8.250e-03
90ToHoAl.20  1035.256960  1171.69420871  8.000e-05  1.137e-13   0 0 0 0 26 e   136.43724871 8.612e-03
90ToHoAl.61  1055.437030  1171.69420871  8.000e-05  1.137e-13   0 0 0 0 24 e   116.25717871 7.871e-03

84)  0 2 0 0 26 e >  1182.01433683 bunc = 3.063e-05 sunc=2.848e-03 func = 9.876e-03
90ToHoAl.21  1034.894320  1182.01433794  8.000e-05  1.113e-06   0 0 0 0 27 e   147.12001794 1.028e-02
90ToHoAl.62  1055.865040  1182.01433571  8.000e-05  -1.113e-06   0 0 0 0 25 e   126.14929571 9.456e-03

85)  0 2 0 0 28 e >  1203.84454794 bunc = 3.106e-05 sunc=3.181e-03 func = 1.162e-02
90ToHoAl.23  1034.171950  1203.84454794  8.000e-05  8.527e-14   0 0 0 0 29 e   169.67259794 1.117e-02

86)  2 0 0 0 13 e >  1722.09003586 bunc = 1.146e-13 sunc=2.245e-03 func = 5.688e-03
83WePeMa.1  846.038795  1722.09003586  1.735e-06  5.052e-14   1 0 0 0 12 e   876.05124059 5.226e-03

87)  2 0 0 0 20 e >  1768.89930286 bunc = 6.755e-06 sunc=2.253e-03 func = 7.264e-03
83WePeMa.2  848.655806  1768.89930286  1.668e-06  -6.718e-14   1 0 0 0 19 e   920.24349712 6.905e-03

88)  2 0 0 0 21 e >  1777.15881478 bunc = 1.049e-05 sunc=2.259e-03 func = 8.557e-03
83WePeMa.3  849.024394  1777.15881478  1.067e-06  1.497e-13   1 0 0 0 20 e   928.13442071 8.253e-03

89)  2 0 0 0 22 e >  1785.81244425 bunc = 7.395e-06 sunc=2.256e-03 func = 7.808e-03
83WePeMa.4  849.392716  1785.81244425  6.671e-07  -1.093e-13   1 0 0 0 21 e   936.41972871 7.475e-03

