nb bootstrap iteration = 100
0 0 0 0 0 e   0.000000000  0.000000000  0.000e+00  0.000e+00  0.000e+00
0 0 0 0 1 e   0.380586893  0.380586894  3.144e-09  1.334e-07  1.334e-07
0 0 0 0 2 e   1.141760246  1.141760233  9.645e-08  6.803e-07  6.933e-07
0 0 0 0 3 e   2.283518288  2.283518275  9.645e-08  1.210e-06  1.395e-06
0 0 0 0 4 e   3.805857786  3.805857773  9.645e-08  3.548e-06  3.813e-06
0 0 0 0 5 e   5.708775571  5.708775558  9.645e-08  4.870e-06  6.185e-06
0 0 0 0 6 e   7.992264993  7.992265026  2.480e-07  4.972e-06  7.935e-06
0 0 0 0 7 e   10.656322902  10.656322968  2.791e-07  5.016e-06  9.388e-06
0 0 0 0 8 e   13.700944191  13.700944257  2.791e-07  6.024e-06  1.115e-05
0 0 0 0 9 e   17.126119750  17.126119817  2.791e-07  6.886e-06  1.311e-05
0 0 0 0 10 e   20.931841574  20.931841640  2.791e-07  7.651e-06  1.518e-05
0 0 0 0 11 e   25.118100656  25.118100722  2.791e-07  7.652e-06  1.700e-05
0 0 0 0 12 e   29.684885233  29.684885324  3.319e-07  7.717e-06  1.867e-05
0 0 0 0 13 e   34.632186023  34.632186170  3.790e-07  7.782e-06  2.022e-05
0 0 0 0 14 e   39.959991010  39.959991208  4.390e-07  7.810e-06  2.168e-05
0 0 0 0 15 e   45.668289716  45.668289914  4.390e-07  8.493e-06  2.328e-05
0 0 0 0 16 e   51.757066639  51.757066837  4.390e-07  9.124e-06  2.501e-05
0 0 0 0 17 e   58.226304741  58.226305025  5.738e-07  9.179e-06  2.664e-05
0 0 0 0 18 e   65.075989941  65.075990309  7.016e-07  9.233e-06  2.819e-05
0 0 0 0 19 e   72.306108155  72.306108574  6.936e-07  9.288e-06  2.969e-05
0 0 0 0 20 e   79.916640812  79.916641305  7.718e-07  9.341e-06  3.112e-05
0 0 0 0 21 e   87.907570364  87.907570890  7.973e-07  9.395e-06  3.251e-05
0 0 0 0 22 e   96.278879024  96.278879550  7.973e-07  9.969e-06  3.400e-05
0 0 0 0 23 e   105.030544818  105.030545344  7.973e-07  1.051e-05  3.559e-05
0 0 0 0 24 e   114.162547512  114.162548017  7.839e-07  1.056e-05  3.712e-05
0 0 0 0 25 e   123.674864196  123.674864701  7.839e-07  1.107e-05  3.874e-05
0 0 0 0 26 e   133.567473636  133.567474141  7.839e-07  1.112e-05  4.030e-05
0 0 0 0 27 e   143.840349589  143.840350174  8.427e-07  1.113e-05  4.181e-05
0 0 0 0 28 e   154.493470132  154.493470752  8.572e-07  1.113e-05  4.327e-05
0 0 0 0 29 e   165.526809303  165.526809923  8.572e-07  1.114e-05  4.468e-05
0 0 0 0 30 e   176.940341261  176.940341880  8.572e-07  1.114e-05  4.605e-05
0 0 0 0 31 e   188.734038219  188.734038839  8.572e-07  1.115e-05  4.738e-05
0 0 0 0 32 e   200.907872059  200.907872678  8.572e-07  1.116e-05  4.867e-05
0 0 0 0 33 e   213.461813959  213.461814579  8.572e-07  1.116e-05  4.994e-05
0 1 0 1 1 e   515.379074747  515.379074747  3.333e-09  1.131e-02  1.789e-02
0 1 0 1 1 f   515.379451893  515.379451894  3.144e-09  1.131e-02  1.386e-02
0 1 0 1 2 e   516.141223048  516.141223048  3.636e-07  1.131e-02  2.117e-02
0 1 0 1 2 f   516.142354427  516.142354427  3.634e-07  1.131e-02  1.789e-02
0 1 0 1 3 e   517.284443456  517.284443244  1.131e-06  1.131e-02  2.400e-02
0 1 0 1 3 f   517.286706203  517.286705990  1.132e-06  1.131e-02  2.117e-02
0 1 0 1 4 e   518.808734253  518.808734004  1.160e-06  1.131e-02  2.653e-02
0 1 0 1 4 f   518.812505479  518.812505229  1.160e-06  1.131e-02  2.400e-02
0 1 0 1 5 e   520.714088584  520.714088358  1.289e-06  1.131e-02  2.884e-02
0 1 0 1 5 f   520.719745392  520.719745166  1.289e-06  1.131e-02  2.653e-02
0 1 0 1 6 e   523.000504794  523.000504542  1.469e-06  1.131e-02  3.098e-02
0 1 0 1 6 f   523.008424264  523.008424013  1.469e-06  1.131e-02  2.884e-02
0 1 0 1 7 e   525.667974549  525.667974239  1.691e-06  1.131e-02  3.298e-02
0 1 0 1 7 f   525.678533749  525.678533439  1.691e-06  1.131e-02  3.098e-02
0 1 0 1 8 e   528.716493534  528.716493225  1.691e-06  1.131e-02  3.487e-02
0 1 0 1 8 f   528.730068154  528.730067844  1.691e-06  1.131e-02  3.298e-02
0 1 0 1 9 e   532.146052793  532.146052484  1.691e-06  1.131e-02  3.666e-02
0 1 0 1 9 f   532.163019759  532.163019450  1.691e-06  1.131e-02  3.487e-02
0 1 0 1 10 e   535.956655660  535.956655351  1.691e-06  1.131e-02  3.837e-02
0 1 0 1 10 f   535.977391901  535.977391591  1.691e-06  1.131e-02  3.666e-02
0 1 0 1 11 e   540.148270447  540.148270138  1.691e-06  1.131e-02  4.000e-02
0 1 0 1 11 f   540.173161228  540.173160919  1.691e-06  1.131e-02  3.837e-02
0 1 0 1 12 e   544.720900490  544.720900180  1.691e-06  1.131e-02  4.157e-02
0 1 0 1 12 f   544.750294386  544.750294077  1.691e-06  1.131e-02  4.000e-02
0 1 0 1 13 e   549.674527442  549.674527133  1.691e-06  1.131e-02  4.308e-02
0 1 0 1 13 f   549.708824731  549.708824421  1.691e-06  1.131e-02  4.157e-02
0 1 0 1 14 e   555.009151304  555.009150994  1.691e-06  1.131e-02  4.454e-02
0 1 0 1 14 f   555.043448592  555.043448283  1.691e-06  1.131e-02  4.308e-02
0 1 0 1 15 e   560.724738718  560.724738409  1.691e-06  1.131e-02  4.596e-02
0 1 0 1 15 f   560.764706597  560.764706288  1.691e-06  1.131e-02  4.454e-02
0 1 0 1 16 e   566.821289686  566.821289377  1.691e-06  1.131e-02  4.733e-02
0 1 0 1 16 f   566.861257565  566.861257256  1.691e-06  1.131e-02  4.596e-02
0 1 0 1 17 e   573.298770851  573.298770542  1.691e-06  1.131e-02  4.866e-02
0 1 0 1 17 f   573.345143160  573.345142851  1.691e-06  1.131e-02  4.733e-02
0 1 0 1 18 e   580.157182212  580.157181903  1.691e-06  1.131e-02  4.996e-02
0 1 0 1 18 f   580.210359229  580.210358920  1.691e-06  1.131e-02  4.866e-02
0 1 0 1 19 e   587.396523770  587.396523461  1.691e-06  1.131e-02  5.123e-02
0 1 0 1 19 f   587.456839059  587.456838749  1.691e-06  1.131e-02  4.996e-02
0 1 0 1 20 e   595.016762169  595.016761859  1.691e-06  1.131e-02  5.246e-02
0 1 0 1 20 f   595.084616006  595.084615696  1.691e-06  1.131e-02  5.123e-02
0 1 0 1 21 e   603.017864051  603.017863742  1.691e-06  1.131e-02  5.367e-02
0 1 0 1 21 f   603.093623357  603.093623048  1.691e-06  1.131e-02  5.246e-02
0 1 0 1 22 e   611.399829417  611.399829108  1.691e-06  1.131e-02  5.485e-02
0 1 0 1 22 f   611.483861113  611.483860803  1.691e-06  1.131e-02  5.367e-02
0 1 0 1 23 e   620.162624911  620.162624602  1.691e-06  1.131e-02  5.600e-02
0 1 0 1 23 f   620.255329273  620.255328964  1.691e-06  1.131e-02  5.485e-02
0 1 0 1 24 e   629.306217176  629.306216866  1.691e-06  1.131e-02  5.713e-02
0 1 0 1 24 f   629.407961125  629.407960815  1.691e-06  1.131e-02  5.600e-02
0 1 0 1 25 e   638.830606212  638.830605902  1.691e-06  1.131e-02  5.824e-02
0 1 0 1 25 f   638.941756668  638.941756359  1.691e-06  1.131e-02  5.713e-02
0 1 0 1 26 e   648.735847290  648.735846981  1.691e-06  1.131e-02  5.933e-02
0 1 0 1 27 e   659.021840976  659.021840666  1.691e-06  1.131e-02  6.040e-02
0 1 0 1 28 e   669.688560383  669.688560074  1.691e-06  1.131e-02  6.145e-02
0 1 0 1 28 f   669.841414108  669.841414727  8.572e-07  1.131e-02  2.117e-02
0 1 0 1 29 e   680.735980162  680.735979853  1.691e-06  1.131e-02  6.248e-02
0 1 0 1 29 f   680.899759878  680.899760498  8.572e-07  1.131e-02  1.789e-02
0 1 0 1 30 e   692.164074961  692.164074651  1.691e-06  1.131e-02  6.350e-02
0 1 0 1 30 f   692.339154261  692.339154880  8.572e-07  1.131e-02  1.386e-02
0 1 0 1 31 e   703.972815793  703.972815484  1.691e-06  1.131e-02  6.450e-02
0 1 0 1 31 f   704.159571871  704.159572491  8.572e-07  1.131e-02  1.789e-02
0 1 0 1 32 e   716.162174206  716.162173896  1.691e-06  1.131e-02  6.548e-02
0 1 0 1 32 f   716.360982955  716.360983575  8.572e-07  1.131e-02  2.117e-02
1 0 0 0 0 e   838.004757885  838.004777017  1.089e-03  1.063e-02  1.273e-02
1 0 0 0 1 e   838.384263430  838.384282562  1.089e-03  1.063e-02  1.658e-02
1 0 0 0 2 e   839.143274185  839.143293317  1.089e-03  1.063e-02  1.970e-02
1 0 0 0 3 e   840.281782847  840.281802022  1.089e-03  1.063e-02  2.238e-02
1 0 0 0 30 e   1014.442037425  1014.442521402  3.227e-03  1.063e-02  1.273e-02
0 2 0 0 0 e   1036.201000000  1036.201000000  6.914e-14  1.063e-02  1.273e-02
0 2 0 0 1 e   1036.888415314  1036.888415314  7.028e-14  1.300e-02  2.252e-02
0 2 0 0 2 e   1037.651999000  1037.651999000  7.028e-14  1.300e-02  1.838e-02
0 2 0 0 3 e   1038.797373044  1038.797373044  7.028e-14  1.300e-02  2.252e-02
0 2 0 0 30 e   1213.711530261  1213.711530880  8.572e-07  1.063e-02  1.273e-02
1 1 0 1 1 e   1346.598526581  1346.601428897  1.246e-02  3.100e-02  4.735e-02
1 1 0 1 1 f   1346.598526585  1346.601428904  1.246e-02  3.100e-02  4.598e-02
1 1 0 1 2 e   1347.358671955  1347.361574270  1.246e-02  3.100e-02  4.998e-02
1 1 0 1 2 f   1347.359478771  1347.362381087  1.246e-02  3.100e-02  4.868e-02
1 1 0 1 3 e   1348.498889098  1348.501791413  1.246e-02  3.100e-02  3.920e-02
1 1 0 1 3 f   1348.500906786  1348.503809101  1.246e-02  3.100e-02  3.754e-02
1 1 0 1 17 e   1404.362316851  1404.362316542  1.691e-06  2.042e-02  5.277e-02
0 3 0 1 17 f   1404.415475160  1404.415474851  1.691e-06  1.200e-02  4.883e-02
0 3 0 1 17 e   1615.618468851  1615.618468542  1.691e-06  2.042e-02  5.277e-02
1 1 0 1 17 f   1615.719570160  1615.719569851  1.691e-06  1.131e-02  4.866e-02
0 0 1 0 0 e   2026.149000000  2026.149000000  1.404e-13  1.100e-02  1.100e-02
0 0 1 0 1 e   2026.221084246  2026.221084233  9.645e-08  3.341e-05  3.341e-05
0 0 1 0 2 e   2026.977586933  2026.977586920  9.645e-08  3.351e-05  4.732e-05
0 0 1 0 3 e   2028.416517288  2028.416517275  9.645e-08  3.000e-04  3.000e-04
0 4 0 0 0 e   2083.300000000  2083.300000000  1.433e-13  8.000e-03  8.000e-03
0 0 1 0 30 e   2202.001388261  2202.001388880  8.572e-07  3.002e-04  3.037e-04
0 4 0 0 30 e   2261.264818261  2261.264818880  8.572e-07  8.000e-03  8.000e-03
3 0 0 0 0 e   2494.799000000  2494.799000000  1.427e-13  7.000e-03  7.000e-03
0 1 1 1 1 e   2534.255779893  2534.255779894  3.144e-09  8.000e-03  8.000e-03
0 1 1 1 1 f   2534.256148893  2534.256148894  3.144e-09  8.000e-03  8.000e-03
0 1 1 1 3 e   2536.376473747  2536.376473747  3.333e-09  1.131e-02  2.117e-02
0 1 1 1 3 f   2536.376850893  2536.376850894  3.144e-09  1.131e-02  1.789e-02
0 1 1 1 9 f   2550.959563660  2550.959563351  1.691e-06  1.131e-02  4.000e-02
0 1 1 1 17 f   2591.900613686  2591.900613377  1.691e-06  1.131e-02  4.866e-02
0 5 0 1 1 f   2609.184745893  2609.184745894  3.144e-09  1.330e-02  1.921e-02
0 5 0 1 1 e   2609.190640747  2609.190640747  3.334e-09  1.510e-02  2.341e-02
3 0 0 0 30 e   2670.197512261  2670.197512880  8.572e-07  7.000e-03  7.000e-03
2 2 0 0 0 e   2679.681000000  2679.681000000  1.780e-13  1.000e-02  1.000e-02
0 1 1 1 30 e   2709.976048261  2709.976048880  8.572e-07  8.000e-03  8.000e-03
0 1 1 1 30 f   2710.147707261  2710.147707880  8.572e-07  8.000e-03  8.000e-03
0 5 0 1 30 e   2786.711432961  2786.711432651  1.691e-06  1.510e-02  6.527e-02
0 5 0 1 30 f   2787.216056261  2787.216056880  8.572e-07  1.330e-02  1.921e-02
2 2 0 0 30 e   2856.302181261  2856.302181880  8.572e-07  1.000e-02  1.000e-02
1 0 1 0 0 e   2860.685000000  2860.685000000  1.862e-13  8.000e-03  8.000e-03
3 1 0 1 1 e   2991.173021747  2991.173021747  3.334e-09  1.386e-02  2.263e-02
3 1 0 1 1 f   2991.173398893  2991.173398894  3.144e-09  1.386e-02  1.960e-02
1 0 1 0 30 e   3036.062207261  3036.062207880  8.572e-07  8.000e-03  8.000e-03
0 2 1 0 0 e   3048.743000000  3048.743000000  2.103e-13  1.300e-02  1.300e-02
3 1 0 1 30 e   3166.521581961  3166.521581651  1.691e-06  1.386e-02  6.499e-02
3 1 0 1 30 f   3166.730661261  3166.730661880  8.572e-07  1.386e-02  1.960e-02
2 3 0 1 1 f   3188.738925893  3188.738925894  3.144e-09  1.510e-02  2.049e-02
2 3 0 1 1 e   3188.746091747  3188.746091747  3.333e-09  1.446e-02  2.300e-02
0 2 1 0 30 e   3225.197071261  3225.197071880  8.572e-07  1.300e-02  1.300e-02
4 0 0 0 0 e   3313.474218449  3313.474235112  4.705e-04  7.000e-03  7.000e-03
1 1 1 1 1 e   3361.601434586  3361.604336908  1.246e-02  3.100e-02  3.579e-02
1 1 1 1 1 f   3361.601434590  3361.604336915  1.246e-02  3.100e-02  3.395e-02
2 3 0 1 30 e   3365.081552961  3365.081552651  1.691e-06  1.446e-02  6.512e-02
2 3 0 1 30 f   3365.458709261  3365.458709880  8.572e-07  1.510e-02  2.049e-02
4 0 0 0 30 e   3488.342580326  3488.342862430  2.858e-03  7.000e-03  7.000e-03
1 1 1 1 30 e   3537.163884961  3537.163884651  1.691e-06  1.510e-02  6.527e-02
1 1 1 1 30 f   3537.357226261  3537.357226880  8.572e-07  1.510e-02  2.049e-02
0 3 1 1 1 e   3563.576756747  3563.576756747  3.334e-09  1.649e-02  2.433e-02
0 3 1 1 1 f   3563.578500893  3563.578500894  3.144e-09  1.510e-02  2.049e-02
2 0 1 0 0 e   3688.818430758  3688.818292503  8.759e-04  7.000e-03  7.000e-03
0 3 1 1 30 e   3739.751488961  3739.751488651  1.691e-06  1.649e-02  6.560e-02
0 3 1 1 30 f   3740.100146261  3740.100146880  8.572e-07  1.510e-02  2.049e-02
2 0 1 0 30 e   3863.741449214  3863.740682735  5.246e-03  7.000e-03  7.000e-03
1 2 1 0 0 e   3869.596154895  3869.596173524  8.763e-04  7.000e-03  7.000e-03
0 1 2 0 0 e   4030.371000000  4030.371000000  2.809e-13  7.000e-03  7.000e-03
1 2 1 0 30 e   4045.653376584  4045.653795965  2.979e-03  7.000e-03  7.000e-03
0 4 1 0 0 e   4083.619000000  4083.619000000  2.603e-13  1.530e-02  1.990e-02
0 0 2 0 30 e   4205.139207261  4205.139207880  8.572e-07  7.000e-03  7.000e-03
0 4 1 0 30 e   4260.567835261  4260.567835880  8.572e-07  1.530e-02  1.990e-02
1 3 1 1 1 e   4378.121906747  4378.121906747  3.333e-09  1.330e-02  2.229e-02
3 4 0 0 0 e   4503.420000000  4503.420000000  2.988e-13  1.600e-02  1.600e-02
3 0 1 0 0 e   4511.410000000  4511.410000000  2.881e-13  7.000e-03  7.000e-03
1 3 1 1 30 e   4553.902085961  4553.902085651  1.691e-06  1.330e-02  6.488e-02
3 4 0 0 30 e   4680.022081261  4680.022081880  8.572e-07  8.000e-03  8.000e-03
2 2 1 0 0 e   4684.977195897  4684.977307561  1.282e-03  7.000e-03  7.000e-03
3 0 1 0 30 e   4685.924552261  4685.924552880  8.572e-07  7.000e-03  7.000e-03
2 2 1 0 30 e   4860.621710376  4860.621883005  1.515e-03  7.000e-03  7.000e-03
1 0 2 0 0 e   4861.213757885  4861.213777017  1.089e-03  1.330e-02  1.841e-02
3 1 1 1 1 f   4999.273490893  4999.273490894  3.144e-09  1.510e-02  2.049e-02
1 0 2 0 30 e   5035.551238410  5035.551525625  2.300e-03  1.000e-02  1.000e-02
0 2 2 0 0 e   5039.236000000  5039.236000000  3.316e-13  7.000e-03  7.000e-03
3 1 1 1 22 f   5094.127829113  5094.127828803  1.691e-06  1.510e-02  5.575e-02
2 3 1 1 1 f   5187.546904893  5187.546904894  3.144e-09  1.386e-02  1.960e-02
2 3 1 1 1 e   5187.563001747  5187.563001747  3.333e-09  1.446e-02  2.300e-02
0 2 2 0 30 e   5214.648629261  5214.648629880  8.572e-07  7.000e-03  7.000e-03
2 3 1 1 22 f   5283.009419113  5283.009418803  1.691e-06  1.386e-02  5.543e-02
1 1 2 1 1 f   5354.947011893  5354.947011894  3.144e-09  1.386e-02  1.960e-02
2 3 1 1 30 e   5362.922036961  5362.922036651  1.691e-06  1.446e-02  6.512e-02
1 1 2 1 22 f   5449.681257113  5449.681256803  1.691e-06  1.386e-02  5.543e-02
0 3 2 1 1 f   5547.539326893  5547.539326894  3.144e-09  1.386e-02  1.960e-02
0 3 2 1 1 e   5547.547531747  5547.547531747  3.333e-09  1.386e-02  2.263e-02
0 3 2 1 22 f   5642.856287113  5642.856286803  1.691e-06  1.386e-02  5.543e-02
0 3 2 1 30 e   5722.688765961  5722.688765651  1.691e-06  1.386e-02  6.499e-02
1 2 2 0 0 e   5856.278000000  5856.278000000  4.175e-13  8.000e-03  8.000e-03
0 0 3 0 0 e   6012.679000000  6012.679000000  3.498e-13  7.000e-03  7.000e-03
1 2 2 0 30 e   6031.316075261  6031.316075880  8.572e-07  8.000e-03  8.000e-03
0 0 3 0 30 e   6186.369244261  6186.369244880  8.572e-07  7.000e-03  7.000e-03
0 1 3 1 1 f   6506.033582893  6506.033582894  3.144e-09  1.386e-02  1.960e-02
0 1 3 1 30 f   6679.804599261  6679.804599880  8.572e-07  1.386e-02  1.960e-02
1 0 3 0 0 e   6839.530000000  6839.530000000  4.354e-13  1.500e-02  1.500e-02
1 0 3 0 30 e   7012.833240261  7012.833240880  8.572e-07  1.500e-02  1.500e-02
