1)  0 0 0 0 0 e >  0.00000000 bunc = 0.000e+00 sunc=0.000e+00 func = 0.000e+00
76FaVa.1  2083.300000  0.00000000  8.000e-03  0.000e+00   0 4 0 0 0 e   2083.30000000 8.000e-03
76FaVa.2  2026.149000  0.00000000  1.100e-02  0.000e+00   0 0 1 0 0 e   2026.14900000 1.100e-02
76FaVa.7  3048.743000  0.00000000  1.300e-02  0.000e+00   0 2 1 0 0 e   3048.74300000 1.300e-02
76FaVa.8  2860.685000  0.00000000  8.000e-03  0.000e+00   1 0 1 0 0 e   2860.68500000 8.000e-03
76FaVa.9  2679.681000  0.00000000  1.000e-02  0.000e+00   2 2 0 0 0 e   2679.68100000 1.000e-02
76FaVa.10  2494.799000  0.00000000  7.000e-03  0.000e+00   3 0 0 0 0 e   2494.79900000 7.000e-03
76FaVa.26  4030.371000  0.00000000  7.000e-03  0.000e+00   0 1 2 0 0 e   4030.37100000 7.000e-03
76FaVa.27  3869.597000  -0.00084510  7.000e-03  -8.451e-04   1 2 1 0 0 e   3869.59615490 7.000e-03
76FaVa.28  3688.819000  -0.00056924  7.000e-03  -5.692e-04   2 0 1 0 0 e   3688.81843076 7.000e-03
76FaVa.29  3313.474000  0.00021845  7.000e-03  2.184e-04   4 0 0 0 0 e   3313.47421845 7.000e-03
76FaVa.43  5039.236000  0.00000000  7.000e-03  0.000e+00   0 2 2 0 0 e   5039.23600000 7.000e-03
76FaVa.44  4684.976000  0.00119590  7.000e-03  1.196e-03   2 2 1 0 0 e   4684.97719590 7.000e-03
76FaVa.45  4511.410000  0.00000000  7.000e-03  0.000e+00   3 0 1 0 0 e   4511.41000000 7.000e-03
76FaVa.46  4503.420000  0.00000000  1.600e-02  0.000e+00   3 4 0 0 0 e   4503.42000000 1.600e-02
76FaVa.83  6012.679000  0.00000000  7.000e-03  0.000e+00   0 0 3 0 0 e   6012.67900000 7.000e-03
76FaVa.84  5856.278000  0.00000000  8.000e-03  0.000e+00   1 2 2 0 0 e   5856.27800000 8.000e-03
76FaVa.89  6839.530000  0.00000000  1.500e-02  0.000e+00   1 0 3 0 0 e   6839.53000000 1.500e-02
82KiMi.1  0.380587  -0.00000040  3.336e-06  -3.996e-07   0 0 0 0 1 e   0.38058689 1.334e-07
87LoSu.1  0.380587  0.00000000  1.334e-07  6.394e-10   0 0 0 0 1 e   0.38058689 1.334e-07

2)  0 0 0 0 1 e >  0.38058689 bunc = 3.144e-09 sunc=1.334e-07 func = 1.334e-07
76FaVa.100  2533.875562  0.38058689  8.000e-03  1.156e-13   0 1 1 1 1 f   2534.25614889 8.000e-03
76FaVa.129  2533.875193  0.38058689  8.000e-03  1.156e-13   0 1 1 1 1 e   2534.25577989 8.000e-03
81BuVaKa.1  0.761173  0.38058686  6.671e-07  -3.208e-08   0 0 0 0 2 e   1.14176025 6.933e-07
14DuDeBu.1  0.761173  0.38058686  6.671e-07  -3.208e-08   0 0 0 0 2 e   1.14176025 6.933e-07
82KiMi.1  0.380587  0.38058729  3.336e-06  3.996e-07   0 0 0 0 0 e   0.00000000 0.000e+00
82KiMi.3  0.761173  0.38058686  3.336e-06  -3.208e-08   0 0 0 0 2 e   1.14176025 6.933e-07
73MaJo.10  0.761173  0.38058686  6.671e-07  -3.208e-08   0 0 0 0 2 e   1.14176025 6.933e-07
74Ma.1  0.761173  0.38058686  6.671e-07  -3.208e-08   0 0 0 0 2 e   1.14176025 6.933e-07
50PaCh.1  0.761170  0.38059033  3.436e-06  3.437e-06   0 0 0 0 2 e   1.14176025 6.933e-07  WRONG
87LoSu.1  0.380587  0.38058689  1.334e-07  -6.394e-10   0 0 0 0 0 e   0.00000000 0.000e+00

3)  0 0 0 0 2 e >  1.14176025 bunc = 9.645e-08 sunc=6.803e-07 func = 6.933e-07
92MaLaFa.02  2025.079324  1.14176025  3.340e-05  -2.420e-14   0 0 1 0 1 e   2026.22108425 3.341e-05
81BuVaKa.1  0.761173  1.14176028  6.671e-07  3.208e-08   0 0 0 0 1 e   0.38058689 1.334e-07
81BuVaKa.2  1.141758  1.14176025  1.001e-06  1.722e-16   0 0 0 0 3 e   2.28351829 1.395e-06
14DuDeBu.1  0.761173  1.14176028  6.671e-07  3.208e-08   0 0 0 0 1 e   0.38058689 1.334e-07
14DuDeBu.2  1.141758  1.14176025  1.001e-06  1.722e-16   0 0 0 0 3 e   2.28351829 1.395e-06
82KiMi.3  0.761173  1.14176028  3.336e-06  3.208e-08   0 0 0 0 1 e   0.38058689 1.334e-07
82KiMi.16  1.141758  1.14176025  3.336e-06  1.722e-16   0 0 0 0 3 e   2.28351829 1.395e-06
73MaJo.10  0.761173  1.14176028  6.671e-07  3.208e-08   0 0 0 0 1 e   0.38058689 1.334e-07
73MaJo.11  1.141758  1.14176025  1.001e-06  1.722e-16   0 0 0 0 3 e   2.28351829 1.395e-06
74Ma.1  0.761173  1.14176028  6.671e-07  3.208e-08   0 0 0 0 1 e   0.38058689 1.334e-07
74Ma.2  1.141758  1.14176025  1.001e-06  1.722e-16   0 0 0 0 3 e   2.28351829 1.395e-06
50PaCh.1  0.761170  1.14175681  3.436e-06  -3.437e-06   0 0 0 0 1 e   0.38058689 1.334e-07  WRONG

4)  0 0 0 0 3 e >  2.28351829 bunc = 9.645e-08 sunc=1.210e-06 func = 1.395e-06
85HuFoJo.1  2026.132999  2.28351829  3.000e-04  4.885e-14   0 0 1 0 3 e   2028.41651729 3.000e-04
81BuVaKa.2  1.141758  2.28351829  1.001e-06  -1.722e-16   0 0 0 0 2 e   1.14176025 6.933e-07
14DuDeBu.2  1.141758  2.28351829  1.001e-06  -1.722e-16   0 0 0 0 2 e   1.14176025 6.933e-07
82KiMi.16  1.141758  2.28351829  3.336e-06  -1.722e-16   0 0 0 0 2 e   1.14176025 6.933e-07
73MaJo.11  1.141758  2.28351829  1.001e-06  -1.722e-16   0 0 0 0 2 e   1.14176025 6.933e-07
74Ma.2  1.141758  2.28351829  1.001e-06  -1.722e-16   0 0 0 0 2 e   1.14176025 6.933e-07
82KiMi.37  1.522339  2.28351829  3.336e-06  5.925e-19   0 0 0 0 4 e   3.80585779 3.813e-06

5)  0 0 0 0 4 e >  3.80585779 bunc = 9.645e-08 sunc=3.548e-06 func = 3.813e-06
82KiMi.37  1.522339  3.80585779  3.336e-06  -5.925e-19   0 0 0 0 3 e   2.28351829 1.395e-06
82KiMi.43  1.902918  3.80585779  3.336e-06  -3.823e-16   0 0 0 0 5 e   5.70877557 6.185e-06

6)  0 0 0 0 5 e >  5.70877557 bunc = 9.645e-08 sunc=4.870e-06 func = 6.185e-06
14DuDeBu.3  2.283489  5.70877566  1.001e-06  8.906e-08   0 0 0 0 6 e   7.99226499 7.935e-06
80DuDeBu.1  2.283489  5.70877566  1.001e-06  8.906e-08   0 0 0 0 6 e   7.99226499 7.935e-06
82KiMi.40  2.283491  5.70877359  3.336e-06  -1.979e-06   0 0 0 0 6 e   7.99226499 7.935e-06
82KiMi.43  1.902918  5.70877557  3.336e-06  3.823e-16   0 0 0 0 4 e   3.80585779 3.813e-06

7)  0 0 0 0 6 e >  7.99226499 bunc = 2.480e-07 sunc=4.972e-06 func = 7.935e-06
14DuDeBu.3  2.283489  7.99226490  1.001e-06  -8.906e-08   0 0 0 0 5 e   5.70877557 6.185e-06
14DuDeBu.4  2.664058  7.99226502  6.671e-07  2.878e-08   0 0 0 0 7 e   10.65632290 9.388e-06
80DuDeBu.1  2.283489  7.99226490  1.001e-06  -8.906e-08   0 0 0 0 5 e   5.70877557 6.185e-06
80DuDeBu.2  2.664058  7.99226502  6.671e-07  2.878e-08   0 0 0 0 7 e   10.65632290 9.388e-06
82KiMi.40  2.283491  7.99226697  3.336e-06  1.979e-06   0 0 0 0 5 e   5.70877557 6.185e-06
82KiMi.46  2.664059  7.99226355  3.336e-06  -1.439e-06   0 0 0 0 7 e   10.65632290 9.388e-06

8)  0 0 0 0 7 e >  10.65632290 bunc = 2.791e-07 sunc=5.016e-06 func = 9.388e-06
14DuDeBu.4  2.664058  10.65632287  6.671e-07  -2.878e-08   0 0 0 0 6 e   7.99226499 7.935e-06
80DuDeBu.2  2.664058  10.65632287  6.671e-07  -2.878e-08   0 0 0 0 6 e   7.99226499 7.935e-06
82KiMi.46  2.664059  10.65632434  3.336e-06  1.439e-06   0 0 0 0 6 e   7.99226499 7.935e-06
82KiMi.49  3.044621  10.65632290  3.336e-06  -3.405e-16   0 0 0 0 8 e   13.70094419 1.115e-05

9)  0 0 0 0 8 e >  13.70094419 bunc = 2.791e-07 sunc=6.024e-06 func = 1.115e-05
82KiMi.49  3.044621  13.70094419  3.336e-06  3.405e-16   0 0 0 0 7 e   10.65632290 9.388e-06
82KiMi.55  3.425176  13.70094419  3.336e-06  1.418e-15   0 0 0 0 9 e   17.12611975 1.311e-05

10)  0 0 0 0 9 e >  17.12611975 bunc = 2.791e-07 sunc=6.886e-06 func = 1.311e-05
82KiMi.52  3.805722  17.12611975  3.336e-06  -1.547e-15   0 0 0 0 10 e   20.93184157 1.518e-05
82KiMi.55  3.425176  17.12611975  3.336e-06  -1.418e-15   0 0 0 0 8 e   13.70094419 1.115e-05

11)  0 0 0 0 10 e >  20.93184157 bunc = 2.791e-07 sunc=7.651e-06 func = 1.518e-05
81BuVaKa.3  4.186259  20.93184157  1.001e-06  -6.804e-16   0 0 0 0 11 e   25.11810066 1.700e-05
14DuDeBu.5  4.186259  20.93184157  1.668e-06  -6.804e-16   0 0 0 0 11 e   25.11810066 1.700e-05
73MaJo.12  4.186259  20.93184157  1.668e-06  -6.804e-16   0 0 0 0 11 e   25.11810066 1.700e-05
74Ma.3  4.186259  20.93184157  1.001e-07  -6.804e-16   0 0 0 0 11 e   25.11810066 1.700e-05
82KiMi.52  3.805722  20.93184157  3.336e-06  1.547e-15   0 0 0 0 9 e   17.12611975 1.311e-05
82KiMi.58  4.186259  20.93184157  3.336e-06  -6.804e-16   0 0 0 0 11 e   25.11810066 1.700e-05

12)  0 0 0 0 11 e >  25.11810066 bunc = 2.791e-07 sunc=7.652e-06 func = 1.700e-05
81BuVaKa.3  4.186259  25.11810066  1.001e-06  6.804e-16   0 0 0 0 10 e   20.93184157 1.518e-05
14DuDeBu.5  4.186259  25.11810066  1.668e-06  6.804e-16   0 0 0 0 10 e   20.93184157 1.518e-05
14DuDeBu.6  4.566784  25.11810073  1.001e-06  7.900e-08   0 0 0 0 12 e   29.68488523 1.867e-05
73MaJo.12  4.186259  25.11810066  1.668e-06  6.804e-16   0 0 0 0 10 e   20.93184157 1.518e-05
80DuDeBu.3  4.566784  25.11810073  1.001e-06  7.900e-08   0 0 0 0 12 e   29.68488523 1.867e-05
74Ma.3  4.186259  25.11810066  1.001e-07  6.804e-16   0 0 0 0 10 e   20.93184157 1.518e-05
82KiMi.58  4.186259  25.11810066  3.336e-06  6.804e-16   0 0 0 0 10 e   20.93184157 1.518e-05
82KiMi.61  4.566786  25.11809890  3.336e-06  -1.756e-06   0 0 0 0 12 e   29.68488523 1.867e-05

13)  0 0 0 0 12 e >  29.68488523 bunc = 3.319e-07 sunc=7.717e-06 func = 1.867e-05
14DuDeBu.6  4.566784  29.68488515  1.001e-06  -7.900e-08   0 0 0 0 11 e   25.11810066 1.700e-05
14DuDeBu.7  4.947301  29.68488531  1.001e-06  8.044e-08   0 0 0 0 13 e   34.63218602 2.022e-05
80DuDeBu.3  4.566784  29.68488515  1.001e-06  -7.900e-08   0 0 0 0 11 e   25.11810066 1.700e-05
80DuDeBu.4  4.947301  29.68488531  1.001e-06  8.044e-08   0 0 0 0 13 e   34.63218602 2.022e-05
82KiMi.61  4.566786  29.68488699  3.336e-06  1.756e-06   0 0 0 0 11 e   25.11810066 1.700e-05
82KiMi.67  4.947303  29.68488345  3.336e-06  -1.788e-06   0 0 0 0 13 e   34.63218602 2.022e-05

14)  0 0 0 0 13 e >  34.63218602 bunc = 3.790e-07 sunc=7.782e-06 func = 2.022e-05
14DuDeBu.7  4.947301  34.63218594  1.001e-06  -8.044e-08   0 0 0 0 12 e   29.68488523 1.867e-05
14DuDeBu.8  5.327805  34.63218607  6.671e-07  4.317e-08   0 0 0 0 14 e   39.95999101 2.168e-05
80DuDeBu.4  4.947301  34.63218594  1.001e-06  -8.044e-08   0 0 0 0 12 e   29.68488523 1.867e-05
80DuDeBu.5  5.327805  34.63218607  6.671e-07  4.317e-08   0 0 0 0 14 e   39.95999101 2.168e-05
82KiMi.64  5.327807  34.63218386  3.336e-06  -2.158e-06   0 0 0 0 14 e   39.95999101 2.168e-05
82KiMi.67  4.947303  34.63218781  3.336e-06  1.788e-06   0 0 0 0 12 e   29.68488523 1.867e-05

15)  0 0 0 0 14 e >  39.95999101 bunc = 4.390e-07 sunc=7.810e-06 func = 2.168e-05
14DuDeBu.8  5.327805  39.95999097  6.671e-07  -4.317e-08   0 0 0 0 13 e   34.63218602 2.022e-05
80DuDeBu.5  5.327805  39.95999097  6.671e-07  -4.317e-08   0 0 0 0 13 e   34.63218602 2.022e-05
82KiMi.64  5.327807  39.95999317  3.336e-06  2.158e-06   0 0 0 0 13 e   34.63218602 2.022e-05
82KiMi.70  5.708299  39.95999101  3.336e-06  -3.197e-15   0 0 0 0 15 e   45.66828972 2.328e-05

16)  0 0 0 0 15 e >  45.66828972 bunc = 4.390e-07 sunc=8.493e-06 func = 2.328e-05
82KiMi.70  5.708299  45.66828972  3.336e-06  3.197e-15   0 0 0 0 14 e   39.95999101 2.168e-05
82KiMi.73  6.088777  45.66828972  3.336e-06  4.965e-15   0 0 0 0 16 e   51.75706664 2.501e-05

17)  0 0 0 0 16 e >  51.75706664 bunc = 4.390e-07 sunc=9.124e-06 func = 2.501e-05
14DuDeBu.9  6.469238  51.75706641  1.001e-06  -2.273e-07   0 0 0 0 17 e   58.22630474 2.664e-05
80DuDeBu.6  6.469238  51.75706708  1.001e-06  4.399e-07   0 0 0 0 17 e   58.22630474 2.664e-05
82KiMi.73  6.088777  51.75706664  3.336e-06  -4.965e-15   0 0 0 0 15 e   45.66828972 2.328e-05
82KiMi.79  6.469240  51.75706428  3.336e-06  -2.362e-06   0 0 0 0 17 e   58.22630474 2.664e-05

18)  0 0 0 0 17 e >  58.22630474 bunc = 5.738e-07 sunc=9.179e-06 func = 2.664e-05
14DuDeBu.9  6.469238  58.22630497  1.001e-06  2.273e-07   0 0 0 0 16 e   51.75706664 2.501e-05
14DuDeBu.10  6.849685  58.22630488  1.001e-06  1.428e-07   0 0 0 0 18 e   65.07598994 2.819e-05
80DuDeBu.6  6.469238  58.22630430  1.001e-06  -4.399e-07   0 0 0 0 16 e   51.75706664 2.501e-05
80DuDeBu.7  6.849685  58.22630488  1.001e-06  1.428e-07   0 0 0 0 18 e   65.07598994 2.819e-05
82KiMi.76  6.849689  58.22630128  3.482e-06  -3.460e-06   0 0 0 0 18 e   65.07598994 2.819e-05
82KiMi.79  6.469240  58.22630710  3.336e-06  2.362e-06   0 0 0 0 16 e   51.75706664 2.501e-05

19)  0 0 0 0 18 e >  65.07598994 bunc = 7.016e-07 sunc=9.233e-06 func = 2.819e-05
14DuDeBu.10  6.849685  65.07598980  1.001e-06  -1.428e-07   0 0 0 0 17 e   58.22630474 2.664e-05
14DuDeBu.11  7.230118  65.07599004  1.001e-06  1.034e-07   0 0 0 0 19 e   72.30610816 2.969e-05
80DuDeBu.7  6.849685  65.07598980  1.001e-06  -1.428e-07   0 0 0 0 17 e   58.22630474 2.664e-05
80DuDeBu.8  7.230118  65.07599004  1.001e-06  1.034e-07   0 0 0 0 19 e   72.30610816 2.969e-05
82KiMi.76  6.849689  65.07599340  3.482e-06  3.460e-06   0 0 0 0 17 e   58.22630474 2.664e-05
82KiMi.82  7.230121  65.07598764  3.336e-06  -2.298e-06   0 0 0 0 19 e   72.30610816 2.969e-05

20)  0 0 0 0 19 e >  72.30610816 bunc = 6.936e-07 sunc=9.288e-06 func = 2.969e-05
14DuDeBu.11  7.230118  72.30610805  1.001e-06  -1.034e-07   0 0 0 0 18 e   65.07598994 2.819e-05
14DuDeBu.12  7.610533  72.30610826  1.001e-06  1.063e-07   0 0 0 0 20 e   79.91664081 3.112e-05
80DuDeBu.8  7.230118  72.30610805  1.001e-06  -1.034e-07   0 0 0 0 18 e   65.07598994 2.819e-05
80DuDeBu.9  7.610533  72.30610826  1.001e-06  1.063e-07   0 0 0 0 20 e   79.91664081 3.112e-05
82KiMi.82  7.230121  72.30611045  3.336e-06  2.298e-06   0 0 0 0 18 e   65.07598994 2.819e-05
82KiMi.85  7.610535  72.30610579  3.336e-06  -2.362e-06   0 0 0 0 20 e   79.91664081 3.112e-05

21)  0 0 0 0 20 e >  79.91664081 bunc = 7.718e-07 sunc=9.341e-06 func = 3.112e-05
14DuDeBu.12  7.610533  79.91664071  1.001e-06  -1.063e-07   0 0 0 0 19 e   72.30610816 2.969e-05
14DuDeBu.13  7.990929  79.91664089  1.001e-06  7.326e-08   0 0 0 0 21 e   87.90757036 3.251e-05
80DuDeBu.9  7.610533  79.91664071  1.001e-06  -1.063e-07   0 0 0 0 19 e   72.30610816 2.969e-05
80DuDeBu.10  7.990929  79.91664089  1.001e-06  7.326e-08   0 0 0 0 21 e   87.90757036 3.251e-05
82KiMi.85  7.610535  79.91664317  3.336e-06  2.362e-06   0 0 0 0 19 e   72.30610816 2.969e-05
82KiMi.91  7.990931  79.91663918  3.336e-06  -1.628e-06   0 0 0 0 21 e   87.90757036 3.251e-05

22)  0 0 0 0 21 e >  87.90757036 bunc = 7.973e-07 sunc=9.395e-06 func = 3.251e-05
14DuDeBu.13  7.990929  87.90757029  1.001e-06  -7.326e-08   0 0 0 0 20 e   79.91664081 3.112e-05
80DuDeBu.10  7.990929  87.90757029  1.001e-06  -7.326e-08   0 0 0 0 20 e   79.91664081 3.112e-05
82KiMi.88  8.371309  87.90757036  3.336e-06  1.763e-15   0 0 0 0 22 e   96.27887902 3.400e-05
82KiMi.91  7.990931  87.90757199  3.336e-06  1.628e-06   0 0 0 0 20 e   79.91664081 3.112e-05

23)  0 0 0 0 22 e >  96.27887902 bunc = 7.973e-07 sunc=9.969e-06 func = 3.400e-05
82KiMi.88  8.371309  96.27887902  3.336e-06  -1.763e-15   0 0 0 0 21 e   87.90757036 3.251e-05
82KiMi.94  8.751666  96.27887902  3.336e-06  7.607e-16   0 0 0 0 23 e   105.03054482 3.559e-05

24)  0 0 0 0 23 e >  105.03054482 bunc = 7.973e-07 sunc=1.051e-05 func = 3.559e-05
14DuDeBu.14  9.132003  105.03054480  1.001e-06  -2.011e-08   0 0 0 0 24 e   114.16254751 3.712e-05
80DuDeBu.11  9.132003  105.03054480  1.001e-06  -2.011e-08   0 0 0 0 24 e   114.16254751 3.712e-05
82KiMi.94  8.751666  105.03054482  3.336e-06  -7.607e-16   0 0 0 0 22 e   96.27887902 3.400e-05
82KiMi.97  9.132002  105.03054527  3.336e-06  4.469e-07   0 0 0 0 24 e   114.16254751 3.712e-05

25)  0 0 0 0 24 e >  114.16254751 bunc = 7.839e-07 sunc=1.056e-05 func = 3.712e-05
14DuDeBu.14  9.132003  114.16254753  1.001e-06  2.011e-08   0 0 0 0 23 e   105.03054482 3.559e-05
80DuDeBu.11  9.132003  114.16254753  1.001e-06  2.011e-08   0 0 0 0 23 e   105.03054482 3.559e-05
82KiMi.97  9.132002  114.16254707  3.336e-06  -4.469e-07   0 0 0 0 23 e   105.03054482 3.559e-05
82KiMi.100  9.512317  114.16254751  3.336e-06  -4.893e-15   0 0 0 0 25 e   123.67486420 3.874e-05

26)  0 0 0 0 25 e >  123.67486420 bunc = 7.839e-07 sunc=1.107e-05 func = 3.874e-05
14DuDeBu.15  9.892609  123.67486420  1.001e-06  -3.250e-15   0 0 0 0 26 e   133.56747364 4.030e-05
80DuDeBu.12  9.892609  123.67486420  1.001e-06  -3.250e-15   0 0 0 0 26 e   133.56747364 4.030e-05
82KiMi.100  9.512317  123.67486420  3.336e-06  4.893e-15   0 0 0 0 24 e   114.16254751 3.712e-05

27)  0 0 0 0 26 e >  133.56747364 bunc = 7.839e-07 sunc=1.112e-05 func = 4.030e-05
81BuVaKa.4  10.272876  133.56747375  3.669e-07  1.094e-07   0 0 0 0 27 e   143.84034959 4.181e-05
14DuDeBu.15  9.892609  133.56747364  1.001e-06  3.250e-15   0 0 0 0 25 e   123.67486420 3.874e-05
14DuDeBu.16  10.272877  133.56747231  1.277e-06  -1.325e-06   0 0 0 0 27 e   143.84034959 4.181e-05  WRONG
80DuDeBu.12  9.892609  133.56747364  1.001e-06  3.250e-15   0 0 0 0 25 e   123.67486420 3.874e-05

28)  0 0 0 0 27 e >  143.84034959 bunc = 8.427e-07 sunc=1.113e-05 func = 4.181e-05
81BuVaKa.4  10.272876  143.84034948  3.669e-07  -1.094e-07   0 0 0 0 26 e   133.56747364 4.030e-05
81BuVaKa.5  10.653120  143.84034963  3.669e-07  4.348e-08   0 0 0 0 28 e   154.49347013 4.327e-05
14DuDeBu.16  10.272877  143.84035091  1.277e-06  1.325e-06   0 0 0 0 26 e   133.56747364 4.030e-05  WRONG
14DuDeBu.17  10.653121  143.84034927  1.001e-06  -3.234e-07   0 0 0 0 28 e   154.49347013 4.327e-05

29)  0 0 0 0 28 e >  154.49347013 bunc = 8.572e-07 sunc=1.113e-05 func = 4.327e-05
81BuVaKa.5  10.653120  154.49347009  3.669e-07  -4.348e-08   0 0 0 0 27 e   143.84034959 4.181e-05
81BuVaKa.6  11.033339  154.49347013  3.669e-07  2.354e-15   0 0 0 0 29 e   165.52680930 4.468e-05
14DuDeBu.17  10.653121  154.49347046  1.001e-06  3.234e-07   0 0 0 0 27 e   143.84034959 4.181e-05

30)  0 0 0 0 29 e >  165.52680930 bunc = 8.572e-07 sunc=1.114e-05 func = 4.468e-05
81BuVaKa.6  11.033339  165.52680930  3.669e-07  -2.354e-15   0 0 0 0 28 e   154.49347013 4.327e-05
81BuVaKa.7  11.413532  165.52680930  3.669e-07  -4.339e-15   0 0 0 0 30 e   176.94034126 4.605e-05

31)  0 0 0 0 30 e >  176.94034126 bunc = 8.572e-07 sunc=1.114e-05 func = 4.605e-05
76FaVa.3  2084.324477  176.94034126  8.000e-03  -1.990e-13   0 4 0 0 30 e   2261.26481826 8.000e-03
85HuFoJo.2  2025.061047  176.94034126  3.000e-04  2.842e-14   0 0 1 0 30 e   2202.00138826 3.037e-04
76FaVa.11  3048.256730  176.94034126  1.300e-02  -1.990e-13   0 2 1 0 30 e   3225.19707126 1.300e-02
76FaVa.12  2859.121866  176.94034126  8.000e-03  -1.990e-13   1 0 1 0 30 e   3036.06220726 8.000e-03
76FaVa.13  2679.361840  176.94034126  1.000e-02  -1.990e-13   2 2 0 0 30 e   2856.30218126 1.000e-02
76FaVa.14  2493.257171  176.94034126  7.000e-03  -1.990e-13   3 0 0 0 30 e   2670.19751226 7.000e-03
76FaVa.30  4028.198866  176.94034126  7.000e-03  -1.990e-13   0 0 2 0 30 e   4205.13920726 7.000e-03
76FaVa.31  3868.710975  176.94240158  7.000e-03  2.060e-03   1 2 1 0 30 e   4045.65337658 7.000e-03
76FaVa.32  3686.804805  176.93664421  7.000e-03  -3.697e-03   2 0 1 0 30 e   3863.74144921 7.000e-03
76FaVa.33  3311.400228  176.94235233  7.000e-03  2.011e-03   4 0 0 0 30 e   3488.34258033 7.000e-03
76FaVa.47  5037.708288  176.94034126  7.000e-03  2.558e-13   0 2 2 0 30 e   5214.64862926 7.000e-03
76FaVa.48  4858.611694  176.93954441  1.000e-02  -7.969e-04   1 0 2 0 30 e   5035.55123841 1.000e-02
76FaVa.49  4683.681353  176.94035738  7.000e-03  1.612e-05   2 2 1 0 30 e   4860.62171038 7.000e-03
76FaVa.50  4508.984211  176.94034126  7.000e-03  2.558e-13   3 0 1 0 30 e   4685.92455226 7.000e-03
76FaVa.51  4503.081740  176.94034126  8.000e-03  2.558e-13   3 4 0 0 30 e   4680.02208126 8.000e-03
76FaVa.85  6009.428903  176.94034126  7.000e-03  2.558e-13   0 0 3 0 30 e   6186.36924426 7.000e-03
76FaVa.86  5854.375734  176.94034126  8.000e-03  2.558e-13   1 2 2 0 30 e   6031.31607526 8.000e-03
76FaVa.90  6835.892899  176.94034126  1.500e-02  2.558e-13   1 0 3 0 30 e   7012.83324026 1.500e-02
76FaVa.101  2533.207366  176.94034126  8.000e-03  -1.990e-13   0 1 1 1 30 f   2710.14770726 8.000e-03
76FaVa.130  2533.035707  176.94034126  8.000e-03  -1.990e-13   0 1 1 1 30 e   2709.97604826 8.000e-03
81BuVaKa.7  11.413532  176.94034126  3.669e-07  4.339e-15   0 0 0 0 29 e   165.52680930 4.468e-05
81BuVaKa.8  11.793697  176.94034126  3.669e-07  -1.050e-14   0 0 0 0 31 e   188.73403822 4.738e-05

32)  0 0 0 0 31 e >  188.73403822 bunc = 8.572e-07 sunc=1.115e-05 func = 4.738e-05
81BuVaKa.8  11.793697  188.73403822  3.669e-07  1.050e-14   0 0 0 0 30 e   176.94034126 4.605e-05
81BuVaKa.9  12.173834  188.73403822  3.669e-07  1.752e-14   0 0 0 0 32 e   200.90787206 4.867e-05

33)  0 0 0 0 32 e >  200.90787206 bunc = 8.572e-07 sunc=1.116e-05 func = 4.867e-05
81BuVaKa.9  12.173834  200.90787206  3.669e-07  -1.752e-14   0 0 0 0 31 e   188.73403822 4.738e-05
81BuVaKa.10  12.553942  200.90787206  3.669e-07  -1.080e-14   0 0 0 0 33 e   213.46181396 4.994e-05

34)  0 0 0 0 33 e >  213.46181396 bunc = 8.572e-07 sunc=1.116e-05 func = 4.994e-05
81BuVaKa.10  12.553942  213.46181396  3.669e-07  1.080e-14   0 0 0 0 32 e   200.90787206 4.867e-05

35)  0 1 0 1 1 e >  515.37907475 bunc = 3.333e-09 sunc=1.131e-02 func = 1.789e-02
92MaLaFa.13  2020.997399  515.37907475  3.340e-05  1.137e-13   0 1 1 1 3 e   2536.37647375 2.117e-02
76FaVa.126  2093.811566  515.37907475  1.000e-02  -1.137e-13   0 5 0 1 1 e   2609.19064075 2.341e-02
76FaVa.133  3048.197682  515.37907475  1.200e-02  -1.137e-13   0 3 1 1 1 e   3563.57675675 2.433e-02
76FaVa.134  2846.498771  515.10266359  2.536e-01  -2.764e-01   1 1 1 1 1 e   3361.60143459 3.579e-02  WRONG
76FaVa.135  2673.367017  515.37907475  9.000e-03  -1.137e-13   2 3 0 1 1 e   3188.74609175 2.300e-02
76FaVa.136  2475.793947  515.37907475  8.000e-03  -1.137e-13   3 1 0 1 1 e   2991.17302175 2.263e-02
76FaVa.145  3862.742832  515.37907475  7.000e-03  -1.137e-13   1 3 1 1 1 e   4378.12190675 2.229e-02
76FaVa.149  5032.168457  515.37907475  8.000e-03  -1.137e-13   0 3 2 1 1 e   5547.54753175 2.263e-02
76FaVa.150  4672.183927  515.37907475  9.000e-03  -1.137e-13   2 3 1 1 1 e   5187.56300175 2.300e-02
81BuVaKa.14  0.762149  515.37907402  7.095e-07  -7.255e-07   0 1 0 1 2 e   516.14122305 2.117e-02  WRONG
82KiMi.4  0.762149  515.37907402  3.336e-06  -7.255e-07   0 1 0 1 2 e   516.14122305 2.117e-02
74ReDy.8  0.000377  515.37907475  1.668e-08  6.206e-10   0 1 0 1 1 f   515.37945189 1.386e-02
73MaJo.36  0.762149  515.37907402  1.001e-06  -7.255e-07   0 1 0 1 2 e   516.14122305 2.117e-02

36)  0 1 0 1 1 f >  515.37945189 bunc = 3.144e-09 sunc=1.131e-02 func = 1.386e-02
92MaLaFa.04  2020.997399  515.37945189  3.340e-05  1.137e-13   0 1 1 1 3 f   2536.37685089 1.789e-02
76FaVa.92  2093.805294  515.37945189  7.000e-03  -1.137e-13   0 5 0 1 1 f   2609.18474589 1.921e-02
76FaVa.93  2018.876697  515.37945189  8.000e-03  1.137e-13   0 1 1 1 1 f   2534.25614889 8.000e-03
76FaVa.104  3048.199049  515.37945189  1.000e-02  -1.137e-13   0 3 1 1 1 f   3563.57850089 2.049e-02
76FaVa.105  2846.497815  515.10361959  2.530e-01  -2.758e-01   1 1 1 1 1 f   3361.60143459 3.395e-02  WRONG
76FaVa.106  2673.359474  515.37945189  1.000e-02  -1.137e-13   2 3 0 1 1 f   3188.73892589 2.049e-02
76FaVa.107  2475.793947  515.37945189  8.000e-03  -1.137e-13   3 1 0 1 1 f   2991.17339889 1.960e-02
76FaVa.114  5032.159875  515.37945189  8.000e-03  -1.137e-13   0 3 2 1 1 f   5547.53932689 1.960e-02
76FaVa.115  4839.567560  515.37945189  8.000e-03  -1.137e-13   1 1 2 1 1 f   5354.94701189 1.960e-02
76FaVa.116  4672.167453  515.37945189  8.000e-03  -1.137e-13   2 3 1 1 1 f   5187.54690489 1.960e-02
76FaVa.117  4483.894039  515.37945189  1.000e-02  -1.137e-13   3 1 1 1 1 f   4999.27349089 2.049e-02
76FaVa.123  5990.654131  515.37945189  8.000e-03  -1.137e-13   0 1 3 1 1 f   6506.03358289 1.960e-02
81BuVaKa.26  0.762902  515.37945238  6.671e-07  4.867e-07   0 1 0 1 2 f   516.14235443 1.789e-02
82KiMi.5  0.762902  515.37945238  3.336e-06  4.867e-07   0 1 0 1 2 f   516.14235443 1.789e-02
74ReDy.8  0.000377  515.37945189  1.668e-08  -6.206e-10   0 1 0 1 1 e   515.37907475 1.789e-02
73MaJo.30  0.762902  515.37945238  6.671e-07  4.867e-07   0 1 0 1 2 f   516.14235443 1.789e-02

37)  0 1 0 1 2 e >  516.14122305 bunc = 3.636e-07 sunc=1.131e-02 func = 2.117e-02
81BuVaKa.14  0.762149  516.14122377  7.095e-07  7.255e-07   0 1 0 1 1 e   515.37907475 1.789e-02  WRONG
81BuVaKa.27  1.143222  516.14122190  1.578e-06  -1.147e-06   0 1 0 1 3 e   517.28444346 2.400e-02
82KiMi.4  0.762149  516.14122377  3.336e-06  7.255e-07   0 1 0 1 1 e   515.37907475 1.789e-02
74ReDy.9  0.001131  516.14122305  3.336e-08  -1.342e-09   0 1 0 1 2 f   516.14235443 1.789e-02
73MaJo.36  0.762149  516.14122377  1.001e-06  7.255e-07   0 1 0 1 1 e   515.37907475 1.789e-02
73MaJo.37  1.143222  516.14122190  1.578e-06  -1.147e-06   0 1 0 1 3 e   517.28444346 2.400e-02
82KiMi.25  1.143222  516.14122190  3.336e-06  -1.147e-06   0 1 0 1 3 e   517.28444346 2.400e-02

38)  0 1 0 1 2 f >  516.14235443 bunc = 3.634e-07 sunc=1.131e-02 func = 1.789e-02
81BuVaKa.15  1.144349  516.14235687  2.041e-06  2.441e-06   0 1 0 1 3 f   517.28670620 2.117e-02  WRONG
81BuVaKa.26  0.762902  516.14235394  6.671e-07  -4.867e-07   0 1 0 1 1 f   515.37945189 1.386e-02
82KiMi.5  0.762902  516.14235394  3.336e-06  -4.867e-07   0 1 0 1 1 f   515.37945189 1.386e-02
74ReDy.9  0.001131  516.14235443  3.336e-08  1.342e-09   0 1 0 1 2 e   516.14122305 2.117e-02
73MaJo.30  0.762902  516.14235394  6.671e-07  -4.867e-07   0 1 0 1 1 f   515.37945189 1.386e-02
73MaJo.31  1.144349  516.14235687  3.336e-06  2.441e-06   0 1 0 1 3 f   517.28670620 2.117e-02
82KiMi.26  1.144349  516.14235687  3.336e-06  2.441e-06   0 1 0 1 3 f   517.28670620 2.117e-02

39)  0 1 0 1 3 e >  517.28444346 bunc = 1.131e-06 sunc=1.131e-02 func = 2.400e-02
80BlDeWa.6  831.211181  517.28770810  2.886e-02  3.265e-03   1 1 0 1 3 e   1348.49888910 3.920e-02
81BuVaKa.27  1.143222  517.28444460  1.578e-06  1.147e-06   0 1 0 1 2 e   516.14122305 2.117e-02
74ReDy.10  0.002263  517.28444345  3.336e-08  -1.102e-09   0 1 0 1 3 f   517.28670620 2.117e-02
73MaJo.37  1.143222  517.28444460  1.578e-06  1.147e-06   0 1 0 1 2 e   516.14122305 2.117e-02
82KiMi.25  1.143222  517.28444460  3.336e-06  1.147e-06   0 1 0 1 2 e   516.14122305 2.117e-02
82KiMi.38  1.524291  517.28444307  3.336e-06  -3.842e-07   0 1 0 1 4 e   518.80873425 2.653e-02

40)  0 1 0 1 3 f >  517.28670620 bunc = 1.132e-06 sunc=1.131e-02 func = 2.117e-02
80BlDeWa.1  831.210049  517.29085779  2.976e-02  4.152e-03   1 1 0 1 3 f   1348.50090679 3.754e-02
81BuVaKa.15  1.144349  517.28670376  2.041e-06  -2.441e-06   0 1 0 1 2 f   516.14235443 1.789e-02  WRONG
74ReDy.10  0.002263  517.28670620  3.336e-08  1.102e-09   0 1 0 1 3 e   517.28444346 2.400e-02
73MaJo.31  1.144349  517.28670376  3.336e-06  -2.441e-06   0 1 0 1 2 f   516.14235443 1.789e-02
82KiMi.26  1.144349  517.28670376  3.336e-06  -2.441e-06   0 1 0 1 2 f   516.14235443 1.789e-02
82KiMi.39  1.525799  517.28670659  3.336e-06  3.842e-07   0 1 0 1 4 f   518.81250548 2.400e-02

41)  0 1 0 1 4 e >  518.80873425 bunc = 1.160e-06 sunc=1.131e-02 func = 2.653e-02
74ReDy.11  0.003771  518.80873425  3.336e-08  8.827e-12   0 1 0 1 4 f   518.81250548 2.400e-02
82KiMi.38  1.524291  518.80873464  3.336e-06  3.842e-07   0 1 0 1 3 e   517.28444346 2.400e-02
82KiMi.44  1.905355  518.80873378  3.336e-06  -4.727e-07   0 1 0 1 5 e   520.71408858 2.884e-02

42)  0 1 0 1 4 f >  518.81250548 bunc = 1.160e-06 sunc=1.131e-02 func = 2.400e-02
74ReDy.11  0.003771  518.81250548  3.336e-08  -8.827e-12   0 1 0 1 4 e   518.80873425 2.653e-02
82KiMi.39  1.525799  518.81250509  3.336e-06  -3.842e-07   0 1 0 1 3 f   517.28670620 2.117e-02
82KiMi.45  1.907239  518.81250595  3.336e-06  4.727e-07   0 1 0 1 5 f   520.71974539 2.653e-02

43)  0 1 0 1 5 e >  520.71408858 bunc = 1.289e-06 sunc=1.131e-02 func = 2.884e-02
74ReDy.12  0.005657  520.71408858  3.336e-08  -1.591e-10   0 1 0 1 5 f   520.71974539 2.653e-02
82KiMi.41  2.286415  520.71408970  3.336e-06  1.119e-06   0 1 0 1 6 e   523.00050479 3.098e-02
82KiMi.44  1.905355  520.71408906  3.336e-06  4.727e-07   0 1 0 1 4 e   518.80873425 2.653e-02

44)  0 1 0 1 5 f >  520.71974539 bunc = 1.289e-06 sunc=1.131e-02 func = 2.653e-02
74ReDy.12  0.005657  520.71974539  3.336e-08  1.591e-10   0 1 0 1 5 e   520.71408858 2.884e-02
82KiMi.42  2.288680  520.71974427  3.336e-06  -1.119e-06   0 1 0 1 6 f   523.00842426 2.884e-02
82KiMi.45  1.907239  520.71974492  3.336e-06  -4.727e-07   0 1 0 1 4 f   518.81250548 2.400e-02

45)  0 1 0 1 6 e >  523.00050479 bunc = 1.469e-06 sunc=1.131e-02 func = 3.098e-02
74ReDy.13  0.007919  523.00050479  3.336e-08  7.049e-12   0 1 0 1 6 f   523.00842426 2.884e-02
82KiMi.41  2.286415  523.00050367  3.336e-06  -1.119e-06   0 1 0 1 5 e   520.71408858 2.884e-02
82KiMi.47  2.667469  523.00050584  3.336e-06  1.049e-06   0 1 0 1 7 e   525.66797455 3.298e-02

46)  0 1 0 1 6 f >  523.00842426 bunc = 1.469e-06 sunc=1.131e-02 func = 2.884e-02
74ReDy.13  0.007919  523.00842426  3.336e-08  -7.049e-12   0 1 0 1 6 e   523.00050479 3.098e-02
82KiMi.42  2.288680  523.00842538  3.336e-06  1.119e-06   0 1 0 1 5 f   520.71974539 2.653e-02
82KiMi.48  2.670111  523.00842321  3.336e-06  -1.049e-06   0 1 0 1 7 f   525.67853375 3.098e-02

47)  0 1 0 1 7 e >  525.66797455 bunc = 1.691e-06 sunc=1.131e-02 func = 3.298e-02
74ReDy.14  0.010559  525.66797455  3.336e-08  1.050e-10   0 1 0 1 7 f   525.67853375 3.098e-02
82KiMi.47  2.667469  525.66797350  3.336e-06  -1.049e-06   0 1 0 1 6 e   523.00050479 3.098e-02
82KiMi.50  3.048519  525.66797455  3.336e-06  1.618e-14   0 1 0 1 8 e   528.71649353 3.487e-02

48)  0 1 0 1 7 f >  525.67853375 bunc = 1.691e-06 sunc=1.131e-02 func = 3.098e-02
74ReDy.14  0.010559  525.67853375  3.336e-08  -1.050e-10   0 1 0 1 7 e   525.66797455 3.298e-02
82KiMi.48  2.670111  525.67853480  3.336e-06  1.049e-06   0 1 0 1 6 f   523.00842426 2.884e-02
82KiMi.51  3.051534  525.67853375  3.336e-06  -3.974e-14   0 1 0 1 8 f   528.73006815 3.298e-02

49)  0 1 0 1 8 e >  528.71649353 bunc = 1.691e-06 sunc=1.131e-02 func = 3.487e-02
82KiMi.50  3.048519  528.71649353  3.336e-06  -1.618e-14   0 1 0 1 7 e   525.66797455 3.298e-02
82KiMi.56  3.429559  528.71649353  3.336e-06  3.285e-14   0 1 0 1 9 e   532.14605279 3.666e-02

50)  0 1 0 1 8 f >  528.73006815 bunc = 1.691e-06 sunc=1.131e-02 func = 3.298e-02
82KiMi.51  3.051534  528.73006815  3.336e-06  3.974e-14   0 1 0 1 7 f   525.67853375 3.098e-02
82KiMi.57  3.432952  528.73006815  3.336e-06  2.666e-14   0 1 0 1 9 f   532.16301976 3.487e-02

51)  0 1 0 1 9 e >  532.14605279 bunc = 1.691e-06 sunc=1.131e-02 func = 3.666e-02
82KiMi.53  3.810603  532.14605279  3.336e-06  3.817e-14   0 1 0 1 10 e   535.95665566 3.837e-02
82KiMi.56  3.429559  532.14605279  3.336e-06  -3.285e-14   0 1 0 1 8 e   528.71649353 3.487e-02

52)  0 1 0 1 9 f >  532.16301976 bunc = 1.691e-06 sunc=1.131e-02 func = 3.487e-02
82KiMi.54  3.814372  532.16301976  3.336e-06  -3.197e-14   0 1 0 1 10 f   535.97739190 3.666e-02
82KiMi.57  3.432952  532.16301976  3.336e-06  -2.666e-14   0 1 0 1 8 f   528.73006815 3.298e-02

53)  0 1 0 1 10 e >  535.95665566 bunc = 1.691e-06 sunc=1.131e-02 func = 3.837e-02
92MaLaFa.03  2015.002908  535.95665566  3.340e-05  -2.274e-13   0 1 1 1 9 f   2550.95956366 4.000e-02
81BuVaKa.16  4.191615  535.95665566  1.001e-06  -7.347e-14   0 1 0 1 11 e   540.14827045 4.000e-02
73MaJo.38  4.191615  535.95665566  1.001e-06  -7.347e-14   0 1 0 1 11 e   540.14827045 4.000e-02
82KiMi.53  3.810603  535.95665566  3.336e-06  -3.817e-14   0 1 0 1 9 e   532.14605279 3.666e-02

54)  0 1 0 1 10 f >  535.97739190 bunc = 1.691e-06 sunc=1.131e-02 func = 3.666e-02
82KiMi.54  3.814372  535.97739190  3.336e-06  3.197e-14   0 1 0 1 9 f   532.16301976 3.487e-02
82KiMi.60  4.195769  535.97739190  3.336e-06  -9.268e-15   0 1 0 1 11 f   540.17316123 3.837e-02

55)  0 1 0 1 11 e >  540.14827045 bunc = 1.691e-06 sunc=1.131e-02 func = 4.000e-02
81BuVaKa.16  4.191615  540.14827045  1.001e-06  7.347e-14   0 1 0 1 10 e   535.95665566 3.837e-02
73MaJo.38  4.191615  540.14827045  1.001e-06  7.347e-14   0 1 0 1 10 e   535.95665566 3.837e-02
82KiMi.62  4.572630  540.14827045  3.336e-06  3.044e-14   0 1 0 1 12 e   544.72090049 4.157e-02

56)  0 1 0 1 11 f >  540.17316123 bunc = 1.691e-06 sunc=1.131e-02 func = 3.837e-02
82KiMi.60  4.195769  540.17316123  3.336e-06  9.268e-15   0 1 0 1 10 f   535.97739190 3.666e-02
82KiMi.63  4.577133  540.17316123  3.336e-06  1.606e-14   0 1 0 1 12 f   544.75029439 4.000e-02

57)  0 1 0 1 12 e >  544.72090049 bunc = 1.691e-06 sunc=1.131e-02 func = 4.157e-02
82KiMi.62  4.572630  544.72090049  3.336e-06  -3.044e-14   0 1 0 1 11 e   540.14827045 4.000e-02
82KiMi.68  4.953627  544.72090049  3.336e-06  -2.895e-14   0 1 0 1 13 e   549.67452744 4.308e-02

58)  0 1 0 1 12 f >  544.75029439 bunc = 1.691e-06 sunc=1.131e-02 func = 4.000e-02
82KiMi.63  4.577133  544.75029439  3.336e-06  -1.606e-14   0 1 0 1 11 f   540.17316123 3.837e-02
82KiMi.69  4.958530  544.75029439  3.336e-06  3.876e-14   0 1 0 1 13 f   549.70882473 4.157e-02

59)  0 1 0 1 13 e >  549.67452744 bunc = 1.691e-06 sunc=1.131e-02 func = 4.308e-02
82KiMi.65  5.334624  549.67452744  3.336e-06  2.534e-14   0 1 0 1 14 e   555.00915130 4.454e-02
82KiMi.68  4.953627  549.67452744  3.336e-06  2.895e-14   0 1 0 1 12 e   544.72090049 4.157e-02

60)  0 1 0 1 13 f >  549.70882473 bunc = 1.691e-06 sunc=1.131e-02 func = 4.157e-02
82KiMi.66  5.334624  549.70882473  3.336e-06  -8.834e-14   0 1 0 1 14 f   555.04344859 4.308e-02
82KiMi.69  4.958530  549.70882473  3.336e-06  -3.876e-14   0 1 0 1 12 f   544.75029439 4.000e-02

61)  0 1 0 1 14 e >  555.00915130 bunc = 1.691e-06 sunc=1.131e-02 func = 4.454e-02
82KiMi.65  5.334624  555.00915130  3.336e-06  -2.534e-14   0 1 0 1 13 e   549.67452744 4.308e-02
82KiMi.71  5.715587  555.00915130  3.336e-06  -3.142e-14   0 1 0 1 15 e   560.72473872 4.596e-02

62)  0 1 0 1 14 f >  555.04344859 bunc = 1.691e-06 sunc=1.131e-02 func = 4.308e-02
82KiMi.66  5.334624  555.04344859  3.336e-06  8.834e-14   0 1 0 1 13 f   549.70882473 4.157e-02
82KiMi.72  5.721258  555.04344859  3.336e-06  8.943e-14   0 1 0 1 15 f   560.76470660 4.454e-02

63)  0 1 0 1 15 e >  560.72473872 bunc = 1.691e-06 sunc=1.131e-02 func = 4.596e-02
82KiMi.71  5.715587  560.72473872  3.336e-06  3.142e-14   0 1 0 1 14 e   555.00915130 4.454e-02
82KiMi.74  6.096551  560.72473872  3.336e-06  2.551e-14   0 1 0 1 16 e   566.82128969 4.733e-02

64)  0 1 0 1 15 f >  560.76470660 bunc = 1.691e-06 sunc=1.131e-02 func = 4.454e-02
82KiMi.72  5.721258  560.76470660  3.336e-06  -8.943e-14   0 1 0 1 14 f   555.04344859 4.308e-02
82KiMi.75  6.096551  560.76470660  3.336e-06  -8.817e-14   0 1 0 1 16 f   566.86125756 4.596e-02

65)  0 1 0 1 16 e >  566.82128969 bunc = 1.691e-06 sunc=1.131e-02 func = 4.733e-02
92MaLaFa.05  2025.079324  566.82128969  3.340e-05  1.137e-13   0 1 1 1 17 f   2591.90061369 4.866e-02
82KiMi.74  6.096551  566.82128969  3.336e-06  -2.551e-14   0 1 0 1 15 e   560.72473872 4.596e-02
82KiMi.80  6.477481  566.82128969  3.336e-06  -2.861e-14   0 1 0 1 17 e   573.29877085 4.866e-02

66)  0 1 0 1 16 f >  566.86125756 bunc = 1.691e-06 sunc=1.131e-02 func = 4.596e-02
82KiMi.75  6.096551  566.86125756  3.336e-06  8.817e-14   0 1 0 1 15 f   560.76470660 4.454e-02
82KiMi.81  6.483886  566.86125756  3.336e-06  3.431e-14   0 1 0 1 17 f   573.34514316 4.733e-02

67)  0 1 0 1 17 e >  573.29877085 bunc = 1.691e-06 sunc=1.131e-02 func = 4.866e-02
79WePeMa.2  1042.319698  573.29877085  1.700e-02  0.000e+00   0 3 0 1 17 e   1615.61846885 5.277e-02
80BlDeWa.7  831.063546  573.29877085  1.700e-02  1.137e-13   1 1 0 1 17 e   1404.36231685 5.277e-02
82KiMi.77  6.858411  573.29877085  3.336e-06  3.095e-14   0 1 0 1 18 e   580.15718221 4.996e-02
82KiMi.80  6.477481  573.29877085  3.336e-06  2.861e-14   0 1 0 1 16 e   566.82128969 4.733e-02

68)  0 1 0 1 17 f >  573.34514316 bunc = 1.691e-06 sunc=1.131e-02 func = 4.733e-02
79WePeMa.1  1042.374427  573.34514316  6.700e-05  1.137e-13   1 1 0 1 17 f   1615.71957016 4.866e-02
80BlDeWa.2  831.070332  573.34514316  4.000e-03  1.137e-13   0 3 0 1 17 f   1404.41547516 4.883e-02
82KiMi.78  6.865216  573.34514316  3.336e-06  -5.141e-14   0 1 0 1 18 f   580.21035923 4.866e-02
82KiMi.81  6.483886  573.34514316  3.336e-06  -3.431e-14   0 1 0 1 16 f   566.86125756 4.596e-02

69)  0 1 0 1 18 e >  580.15718221 bunc = 1.691e-06 sunc=1.131e-02 func = 4.996e-02
82KiMi.77  6.858411  580.15718221  3.336e-06  -3.095e-14   0 1 0 1 17 e   573.29877085 4.866e-02
82KiMi.83  7.239342  580.15718221  3.336e-06  -2.318e-14   0 1 0 1 19 e   587.39652377 5.123e-02

70)  0 1 0 1 18 f >  580.21035923 bunc = 1.691e-06 sunc=1.131e-02 func = 4.866e-02
82KiMi.78  6.865216  580.21035923  3.336e-06  5.141e-14   0 1 0 1 17 f   573.34514316 4.733e-02
82KiMi.84  7.246480  580.21035923  3.336e-06  9.550e-14   0 1 0 1 19 f   587.45683906 4.996e-02

71)  0 1 0 1 19 e >  587.39652377 bunc = 1.691e-06 sunc=1.131e-02 func = 5.123e-02
82KiMi.83  7.239342  587.39652377  3.336e-06  2.318e-14   0 1 0 1 18 e   580.15718221 4.996e-02
82KiMi.86  7.620238  587.39652377  3.336e-06  3.901e-14   0 1 0 1 20 e   595.01676217 5.246e-02

72)  0 1 0 1 19 f >  587.45683906 bunc = 1.691e-06 sunc=1.131e-02 func = 4.996e-02
82KiMi.84  7.246480  587.45683906  3.336e-06  -9.550e-14   0 1 0 1 18 f   580.21035923 4.866e-02
82KiMi.87  7.627777  587.45683906  3.336e-06  1.242e-14   0 1 0 1 20 f   595.08461601 5.123e-02

73)  0 1 0 1 20 e >  595.01676217 bunc = 1.691e-06 sunc=1.131e-02 func = 5.246e-02
82KiMi.86  7.620238  595.01676217  3.336e-06  -3.901e-14   0 1 0 1 19 e   587.39652377 5.123e-02
82KiMi.92  8.001102  595.01676217  3.336e-06  -9.848e-15   0 1 0 1 21 e   603.01786405 5.367e-02

74)  0 1 0 1 20 f >  595.08461601 bunc = 1.691e-06 sunc=1.131e-02 func = 5.123e-02
82KiMi.87  7.627777  595.08461601  3.336e-06  -1.242e-14   0 1 0 1 19 f   587.45683906 4.996e-02
82KiMi.93  8.009007  595.08461601  3.336e-06  -6.541e-14   0 1 0 1 21 f   603.09362336 5.246e-02

75)  0 1 0 1 21 e >  603.01786405 bunc = 1.691e-06 sunc=1.131e-02 func = 5.367e-02
82KiMi.89  8.381965  603.01786405  3.336e-06  -5.871e-14   0 1 0 1 22 e   611.39982942 5.485e-02
82KiMi.92  8.001102  603.01786405  3.336e-06  9.848e-15   0 1 0 1 20 e   595.01676217 5.246e-02

76)  0 1 0 1 21 f >  603.09362336 bunc = 1.691e-06 sunc=1.131e-02 func = 5.246e-02
82KiMi.90  8.390238  603.09362336  3.336e-06  -2.954e-14   0 1 0 1 22 f   611.48386111 5.367e-02
82KiMi.93  8.009007  603.09362336  3.336e-06  6.541e-14   0 1 0 1 20 f   595.08461601 5.123e-02

77)  0 1 0 1 22 e >  611.39982942 bunc = 1.691e-06 sunc=1.131e-02 func = 5.485e-02
82KiMi.89  8.381965  611.39982942  3.336e-06  5.871e-14   0 1 0 1 21 e   603.01786405 5.367e-02
82KiMi.95  8.762795  611.39982942  3.336e-06  8.750e-15   0 1 0 1 23 e   620.16262491 5.600e-02

78)  0 1 0 1 22 f >  611.48386111 bunc = 1.691e-06 sunc=1.131e-02 func = 5.367e-02
76FaVa.118  5031.372426  611.48386111  8.000e-03  2.274e-13   0 3 2 1 22 f   5642.85628711 5.543e-02
76FaVa.119  4838.197396  611.48386111  8.000e-03  2.274e-13   1 1 2 1 22 f   5449.68125711 5.543e-02
76FaVa.120  4671.525558  611.48386111  8.000e-03  2.274e-13   2 3 1 1 22 f   5283.00941911 5.543e-02
76FaVa.121  4482.643968  611.48386111  1.000e-02  2.274e-13   3 1 1 1 22 f   5094.12782911 5.575e-02
82KiMi.90  8.390238  611.48386111  3.336e-06  2.954e-14   0 1 0 1 21 f   603.09362336 5.246e-02
82KiMi.96  8.771468  611.48386111  3.336e-06  6.323e-15   0 1 0 1 23 f   620.25532927 5.485e-02

79)  0 1 0 1 23 e >  620.16262491 bunc = 1.691e-06 sunc=1.131e-02 func = 5.600e-02
82KiMi.95  8.762795  620.16262491  3.336e-06  -8.750e-15   0 1 0 1 22 e   611.39982942 5.485e-02
82KiMi.98  9.143592  620.16262491  3.336e-06  7.884e-14   0 1 0 1 24 e   629.30621718 5.713e-02

80)  0 1 0 1 23 f >  620.25532927 bunc = 1.691e-06 sunc=1.131e-02 func = 5.485e-02
82KiMi.96  8.771468  620.25532927  3.336e-06  -6.323e-15   0 1 0 1 22 f   611.48386111 5.367e-02
82KiMi.99  9.152632  620.25532927  3.336e-06  4.745e-14   0 1 0 1 24 f   629.40796112 5.600e-02

81)  0 1 0 1 24 e >  629.30621718 bunc = 1.691e-06 sunc=1.131e-02 func = 5.713e-02
82KiMi.98  9.143592  629.30621718  3.336e-06  -7.884e-14   0 1 0 1 23 e   620.16262491 5.600e-02
82KiMi.101  9.524389  629.30621718  3.336e-06  -7.844e-14   0 1 0 1 25 e   638.83060621 5.824e-02

82)  0 1 0 1 24 f >  629.40796112 bunc = 1.691e-06 sunc=1.131e-02 func = 5.600e-02
82KiMi.99  9.152632  629.40796112  3.336e-06  -4.745e-14   0 1 0 1 23 f   620.25532927 5.485e-02
82KiMi.102  9.533796  629.40796112  3.336e-06  -2.510e-14   0 1 0 1 25 f   638.94175667 5.713e-02

83)  0 1 0 1 25 e >  638.83060621 bunc = 1.691e-06 sunc=1.131e-02 func = 5.824e-02
81BuVaKa.17  9.905241  638.83060621  7.338e-07  7.609e-14   0 1 0 1 26 e   648.73584729 5.933e-02
82KiMi.101  9.524389  638.83060621  3.336e-06  7.844e-14   0 1 0 1 24 e   629.30621718 5.713e-02

84)  0 1 0 1 25 f >  638.94175667 bunc = 1.691e-06 sunc=1.131e-02 func = 5.713e-02
82KiMi.102  9.533796  638.94175667  3.336e-06  2.510e-14   0 1 0 1 24 f   629.40796112 5.600e-02

85)  0 1 0 1 26 e >  648.73584729 bunc = 1.691e-06 sunc=1.131e-02 func = 5.933e-02
81BuVaKa.17  9.905241  648.73584729  7.338e-07  -7.609e-14   0 1 0 1 25 e   638.83060621 5.824e-02
81BuVaKa.18  10.285994  648.73584729  7.338e-07  -4.922e-14   0 1 0 1 27 e   659.02184098 6.040e-02

86)  0 1 0 1 27 e >  659.02184098 bunc = 1.691e-06 sunc=1.131e-02 func = 6.040e-02
81BuVaKa.18  10.285994  659.02184098  7.338e-07  4.922e-14   0 1 0 1 26 e   648.73584729 5.933e-02
81BuVaKa.19  10.666719  659.02184098  7.338e-07  -2.680e-14   0 1 0 1 28 e   669.68856038 6.145e-02

87)  0 1 0 1 28 e >  669.68856038 bunc = 1.691e-06 sunc=1.131e-02 func = 6.145e-02
81BuVaKa.19  10.666719  669.68856038  7.338e-07  2.680e-14   0 1 0 1 27 e   659.02184098 6.040e-02
81BuVaKa.20  11.047420  669.68856038  7.338e-07  5.966e-14   0 1 0 1 29 e   680.73598016 6.248e-02

88)  0 1 0 1 28 f >  669.84141411 bunc = 8.572e-07 sunc=1.131e-02 func = 2.117e-02
81BuVaKa.29  11.058346  669.84141411  7.338e-07  1.805e-14   0 1 0 1 29 f   680.89975988 1.789e-02

89)  0 1 0 1 29 e >  680.73598016 bunc = 1.691e-06 sunc=1.131e-02 func = 6.248e-02
81BuVaKa.20  11.047420  680.73598016  7.338e-07  -5.966e-14   0 1 0 1 28 e   669.68856038 6.145e-02
81BuVaKa.21  11.428095  680.73598016  7.338e-07  -1.334e-14   0 1 0 1 30 e   692.16407496 6.350e-02

90)  0 1 0 1 29 f >  680.89975988 bunc = 8.572e-07 sunc=1.131e-02 func = 1.789e-02
81BuVaKa.29  11.058346  680.89975988  7.338e-07  -1.805e-14   0 1 0 1 28 f   669.84141411 2.117e-02
81BuVaKa.30  11.439394  680.89975988  7.338e-07  4.183e-15   0 1 0 1 30 f   692.33915426 1.386e-02

91)  0 1 0 1 30 e >  692.16407496 bunc = 1.691e-06 sunc=1.131e-02 func = 6.350e-02
76FaVa.127  2094.547358  692.16407496  1.000e-02  1.137e-13   0 5 0 1 30 e   2786.71143296 6.527e-02
76FaVa.137  3047.587414  692.16407496  1.200e-02  1.137e-13   0 3 1 1 30 e   3739.75148896 6.560e-02
76FaVa.138  2844.999810  692.16407496  1.000e-02  1.137e-13   1 1 1 1 30 e   3537.16388496 6.527e-02
76FaVa.139  2672.917478  692.16407496  9.000e-03  1.137e-13   2 3 0 1 30 e   3365.08155296 6.512e-02
76FaVa.140  2474.357507  692.16407496  8.000e-03  1.137e-13   3 1 0 1 30 e   3166.52158196 6.499e-02
76FaVa.146  3861.738011  692.16407496  7.000e-03  1.137e-13   1 3 1 1 30 e   4553.90208596 6.488e-02
76FaVa.151  5030.524691  692.16407496  8.000e-03  -3.411e-13   0 3 2 1 30 e   5722.68876596 6.499e-02
76FaVa.152  4670.757962  692.16407496  9.000e-03  -3.411e-13   2 3 1 1 30 e   5362.92203696 6.512e-02
81BuVaKa.21  11.428095  692.16407496  7.338e-07  1.334e-14   0 1 0 1 29 e   680.73598016 6.248e-02
81BuVaKa.22  11.808741  692.16407496  7.338e-07  -3.963e-14   0 1 0 1 31 e   703.97281579 6.450e-02

92)  0 1 0 1 30 f >  692.33915426 bunc = 8.572e-07 sunc=1.131e-02 func = 1.386e-02
76FaVa.94  2094.876902  692.33915426  7.000e-03  0.000e+00   0 5 0 1 30 f   2787.21605626 1.921e-02
76FaVa.95  2017.808553  692.33915426  8.000e-03  -2.274e-13   0 1 1 1 30 f   2710.14770726 8.000e-03
76FaVa.108  3047.760992  692.33915426  1.000e-02  0.000e+00   0 3 1 1 30 f   3740.10014626 2.049e-02
76FaVa.109  2845.018072  692.33915426  1.000e-02  0.000e+00   1 1 1 1 30 f   3537.35722626 2.049e-02
76FaVa.110  2673.119555  692.33915426  1.000e-02  0.000e+00   2 3 0 1 30 f   3365.45870926 2.049e-02
76FaVa.111  2474.391507  692.33915426  8.000e-03  0.000e+00   3 1 0 1 30 f   3166.73066126 1.960e-02
76FaVa.124  5987.465445  692.33915426  8.000e-03  0.000e+00   0 1 3 1 30 f   6679.80459926 1.960e-02
81BuVaKa.30  11.439394  692.33915426  7.338e-07  -4.183e-15   0 1 0 1 29 f   680.89975988 1.789e-02
81BuVaKa.31  11.820418  692.33915426  7.338e-07  -4.660e-14   0 1 0 1 31 f   704.15957187 1.789e-02

93)  0 1 0 1 31 e >  703.97281579 bunc = 1.691e-06 sunc=1.131e-02 func = 6.450e-02
81BuVaKa.22  11.808741  703.97281579  7.338e-07  3.963e-14   0 1 0 1 30 e   692.16407496 6.350e-02
81BuVaKa.23  12.189358  703.97281579  7.338e-07  5.875e-14   0 1 0 1 32 e   716.16217421 6.548e-02

94)  0 1 0 1 31 f >  704.15957187 bunc = 8.572e-07 sunc=1.131e-02 func = 1.789e-02
81BuVaKa.31  11.820418  704.15957187  7.338e-07  4.660e-14   0 1 0 1 30 f   692.33915426 1.386e-02
81BuVaKa.32  12.201411  704.15957187  7.338e-07  4.705e-14   0 1 0 1 32 f   716.36098296 2.117e-02

95)  0 1 0 1 32 e >  716.16217421 bunc = 1.691e-06 sunc=1.131e-02 func = 6.548e-02
81BuVaKa.23  12.189358  716.16217421  7.338e-07  -5.875e-14   0 1 0 1 31 e   703.97281579 6.450e-02

96)  0 1 0 1 32 f >  716.36098296 bunc = 8.572e-07 sunc=1.131e-02 func = 2.117e-02
81BuVaKa.32  12.201411  716.36098296  7.338e-07  -4.705e-14   0 1 0 1 31 f   704.15957187 1.789e-02

97)  1 0 0 0 0 e >  838.00475789 bunc = 1.089e-03 sunc=1.063e-02 func = 1.273e-02
76FaVa.63  3031.590000  838.00615490  9.000e-03  1.397e-03   1 2 1 0 0 e   3869.59615490 7.000e-03
76FaVa.64  2850.812000  838.00643076  1.200e-02  1.673e-03   2 0 1 0 0 e   3688.81843076 7.000e-03
76FaVa.65  2475.470000  838.00421845  1.100e-02  -5.394e-04   4 0 0 0 0 e   3313.47421845 7.000e-03
76FaVa.67  4023.209000  838.00475789  8.000e-03  0.000e+00   1 0 2 0 0 e   4861.21375789 1.841e-02
76FaVa.68  3846.974000  838.00319590  8.000e-03  -1.562e-03   2 2 1 0 0 e   4684.97719590 7.000e-03
82KiMi.2  0.379506  838.00475789  3.336e-06  2.588e-15   1 0 0 0 1 e   838.38426343 1.658e-02

98)  1 0 0 0 1 e >  838.38426343 bunc = 1.089e-03 sunc=1.063e-02 func = 1.658e-02
81BuVaKa.35  0.759011  838.38426343  6.671e-07  -1.633e-14   1 0 0 0 2 e   839.14327419 1.970e-02
82KiMi.2  0.379506  838.38426343  3.336e-06  -2.588e-15   1 0 0 0 0 e   838.00475789 1.273e-02
82KiMi.6  0.759011  838.38426343  3.336e-06  -1.633e-14   1 0 0 0 2 e   839.14327419 1.970e-02
82KiMi.23  0.759011  838.38426343  3.336e-06  -1.633e-14   1 0 0 0 2 e   839.14327419 1.970e-02
73MaJo.14  0.759011  838.38426343  6.671e-07  -1.633e-14   1 0 0 0 2 e   839.14327419 1.970e-02

99)  1 0 0 0 2 e >  839.14327419 bunc = 1.089e-03 sunc=1.063e-02 func = 1.970e-02
81BuVaKa.35  0.759011  839.14327419  6.671e-07  1.633e-14   1 0 0 0 1 e   838.38426343 1.658e-02
81BuVaKa.36  1.138509  839.14327422  3.336e-07  3.386e-08   1 0 0 0 3 e   840.28178285 2.238e-02
82KiMi.6  0.759011  839.14327419  3.336e-06  1.633e-14   1 0 0 0 1 e   838.38426343 1.658e-02
82KiMi.23  0.759011  839.14327419  3.336e-06  1.633e-14   1 0 0 0 1 e   838.38426343 1.658e-02
73MaJo.14  0.759011  839.14327419  6.671e-07  1.633e-14   1 0 0 0 1 e   838.38426343 1.658e-02
73MaJo.17  1.138515  839.14326755  6.605e-06  -6.637e-06   1 0 0 0 3 e   840.28178285 2.238e-02  WRONG
82KiMi.36  1.138515  839.14326755  6.605e-06  -6.637e-06   1 0 0 0 3 e   840.28178285 2.238e-02  WRONG

100)  1 0 0 0 3 e >  840.28178285 bunc = 1.089e-03 sunc=1.063e-02 func = 2.238e-02
81BuVaKa.36  1.138509  840.28178281  3.336e-07  -3.386e-08   1 0 0 0 2 e   839.14327419 1.970e-02
73MaJo.17  1.138515  840.28178948  6.605e-06  6.637e-06   1 0 0 0 2 e   839.14327419 1.970e-02  WRONG
82KiMi.36  1.138515  840.28178948  6.605e-06  6.637e-06   1 0 0 0 2 e   839.14327419 1.970e-02  WRONG

101)  1 0 0 0 30 e >  1014.44203742 bunc = 3.227e-03 sunc=1.063e-02 func = 1.273e-02
76FaVa.69  4021.108691  1014.44254741  8.000e-03  5.100e-04   1 0 2 0 30 e   5035.55123841 1.000e-02
76FaVa.70  3846.179694  1014.44201638  8.000e-03  -2.105e-05   2 2 1 0 30 e   4860.62171038 7.000e-03
76FaVa.76  3031.214745  1014.43863158  9.000e-03  -3.406e-03   1 2 1 0 30 e   4045.65337658 7.000e-03
76FaVa.77  2849.288547  1014.45290221  1.200e-02  1.086e-02   2 0 1 0 30 e   3863.74144921 7.000e-03
76FaVa.78  2473.905509  1014.43707133  1.100e-02  -4.966e-03   4 0 0 0 30 e   3488.34258033 7.000e-03

102)  0 2 0 0 0 e >  1036.20100000 bunc = 6.914e-14 sunc=1.063e-02 func = 1.273e-02
76FaVa.66  3047.418000  1036.20100000  1.100e-02  0.000e+00   0 4 1 0 0 e   4083.61900000 1.990e-02
76FaVa.72  4003.035000  1036.20100000  8.000e-03  0.000e+00   0 2 2 0 0 e   5039.23600000 7.000e-03

103)  0 2 0 0 1 e >  1036.88841531 bunc = 7.028e-14 sunc=1.300e-02 func = 2.252e-02
81BuVaKa.39  0.763584  1036.88841531  6.671e-07  -9.684e-14   0 2 0 0 2 e   1037.65199900 1.838e-02
82KiMi.7  0.763584  1036.88841531  3.336e-06  -9.684e-14   0 2 0 0 2 e   1037.65199900 1.838e-02
82KiMi.15  0.763584  1036.88841531  3.336e-06  -9.684e-14   0 2 0 0 2 e   1037.65199900 1.838e-02
73MaJo.13  0.763584  1036.88841531  6.671e-07  -9.684e-14   0 2 0 0 2 e   1037.65199900 1.838e-02

104)  0 2 0 0 2 e >  1037.65199900 bunc = 7.028e-14 sunc=1.300e-02 func = 1.838e-02
92MaLaFa.06  2011.091001  1037.65199900  3.340e-05  0.000e+00   0 2 1 0 0 e   3048.74300000 1.300e-02
81BuVaKa.39  0.763584  1037.65199900  6.671e-07  9.684e-14   0 2 0 0 1 e   1036.88841531 2.252e-02
81BuVaKa.40  1.145374  1037.65199900  3.336e-07  -7.630e-14   0 2 0 0 3 e   1038.79737304 2.252e-02
82KiMi.7  0.763584  1037.65199900  3.336e-06  9.684e-14   0 2 0 0 1 e   1036.88841531 2.252e-02
82KiMi.15  0.763584  1037.65199900  3.336e-06  9.684e-14   0 2 0 0 1 e   1036.88841531 2.252e-02
73MaJo.13  0.763584  1037.65199900  6.671e-07  9.684e-14   0 2 0 0 1 e   1036.88841531 2.252e-02
73MaJo.15  1.145374  1037.65199900  3.336e-06  -7.630e-14   0 2 0 0 3 e   1038.79737304 2.252e-02
82KiMi.28  1.145374  1037.65199900  3.336e-06  -7.630e-14   0 2 0 0 3 e   1038.79737304 2.252e-02

105)  0 2 0 0 3 e >  1038.79737304 bunc = 7.028e-14 sunc=1.300e-02 func = 2.252e-02
81BuVaKa.40  1.145374  1038.79737304  3.336e-07  7.630e-14   0 2 0 0 2 e   1037.65199900 1.838e-02
73MaJo.15  1.145374  1038.79737304  3.336e-06  7.630e-14   0 2 0 0 2 e   1037.65199900 1.838e-02
82KiMi.28  1.145374  1038.79737304  3.336e-06  7.630e-14   0 2 0 0 2 e   1037.65199900 1.838e-02

106)  0 2 0 0 30 e >  1213.71153026 bunc = 8.572e-07 sunc=1.063e-02 func = 1.273e-02
76FaVa.73  4000.937099  1213.71153026  8.000e-03  2.274e-13   0 2 2 0 30 e   5214.64862926 7.000e-03
76FaVa.81  3046.856305  1213.71153026  1.100e-02  2.274e-13   0 4 1 0 30 e   4260.56783526 1.990e-02

107)  1 1 0 1 1 e >  1346.59852658 bunc = 1.246e-02 sunc=3.100e-02 func = 4.735e-02
92MaLaFa.11  2015.002908  1346.59852659  3.340e-05  4.373e-09   1 1 1 1 1 e   3361.60143459 3.579e-02
82KiMi.8  0.760145  1346.59852658  3.336e-06  -5.133e-12   1 1 0 1 2 e   1347.35867195 4.998e-02
82KiMi.22  0.760145  1346.59852658  3.336e-06  -5.133e-12   1 1 0 1 2 e   1347.35867195 4.998e-02
73MaJo.40  0.760145  1346.59852658  1.334e-06  -5.133e-12   1 1 0 1 2 e   1347.35867195 4.998e-02

108)  1 1 0 1 1 f >  1346.59852659 bunc = 1.246e-02 sunc=3.100e-02 func = 4.598e-02
92MaLaFa.10  2015.002908  1346.59852659  3.340e-05  4.220e-10   1 1 1 1 1 e   3361.60143459 3.579e-02
92MaLaFa.12  2015.002908  1346.59852659  3.340e-05  4.807e-09   1 1 1 1 1 f   3361.60143459 3.395e-02
82KiMi.9  0.760952  1346.59852667  3.336e-06  8.793e-08   1 1 0 1 2 f   1347.35947877 4.868e-02
82KiMi.21  0.760952  1346.59852657  3.336e-06  -1.214e-08   1 1 0 1 2 f   1347.35947877 4.868e-02
73MaJo.33  0.760952  1346.59852657  1.334e-06  -1.214e-08   1 1 0 1 2 f   1347.35947877 4.868e-02

109)  1 1 0 1 2 e >  1347.35867195 bunc = 1.246e-02 sunc=3.100e-02 func = 4.998e-02
82KiMi.8  0.760145  1347.35867195  3.336e-06  5.133e-12   1 1 0 1 1 e   1346.59852658 4.735e-02
82KiMi.22  0.760145  1347.35867195  3.336e-06  5.133e-12   1 1 0 1 1 e   1346.59852658 4.735e-02
73MaJo.40  0.760145  1347.35867195  1.334e-06  5.133e-12   1 1 0 1 1 e   1346.59852658 4.735e-02
73MaJo.42  1.140217  1347.35867195  5.003e-06  -3.030e-11   1 1 0 1 3 e   1348.49888910 3.920e-02
82KiMi.29  1.140217  1347.35867195  3.336e-06  -3.030e-11   1 1 0 1 3 e   1348.49888910 3.920e-02

110)  1 1 0 1 2 f >  1347.35947877 bunc = 1.246e-02 sunc=3.100e-02 func = 4.868e-02
82KiMi.9  0.760952  1347.35947868  3.336e-06  -8.793e-08   1 1 0 1 1 f   1346.59852659 4.598e-02
82KiMi.21  0.760952  1347.35947878  3.336e-06  1.214e-08   1 1 0 1 1 f   1346.59852659 4.598e-02
73MaJo.33  0.760952  1347.35947878  1.334e-06  1.214e-08   1 1 0 1 1 f   1346.59852659 4.598e-02
73MaJo.35  1.141428  1347.35947877  1.001e-06  -4.287e-12   1 1 0 1 3 f   1348.50090679 3.754e-02
82KiMi.30  1.141428  1347.35947877  3.336e-06  -4.287e-12   1 1 0 1 3 f   1348.50090679 3.754e-02

111)  1 1 0 1 3 e >  1348.49888910 bunc = 1.246e-02 sunc=3.100e-02 func = 3.920e-02
80BlDeWa.6  831.211181  1348.49562446  2.886e-02  -3.265e-03   0 1 0 1 3 e   517.28444346 2.400e-02
73MaJo.42  1.140217  1348.49888910  5.003e-06  3.030e-11   1 1 0 1 2 e   1347.35867195 4.998e-02
82KiMi.29  1.140217  1348.49888910  3.336e-06  3.030e-11   1 1 0 1 2 e   1347.35867195 4.998e-02

112)  1 1 0 1 3 f >  1348.50090679 bunc = 1.246e-02 sunc=3.100e-02 func = 3.754e-02
80BlDeWa.1  831.210049  1348.49675520  2.976e-02  -4.152e-03   0 1 0 1 3 f   517.28670620 2.117e-02
73MaJo.35  1.141428  1348.50090679  1.001e-06  4.287e-12   1 1 0 1 2 f   1347.35947877 4.868e-02
82KiMi.30  1.141428  1348.50090679  3.336e-06  4.287e-12   1 1 0 1 2 f   1347.35947877 4.868e-02

113)  1 1 0 1 17 e >  1404.36231685 bunc = 1.691e-06 sunc=2.042e-02 func = 5.277e-02
80BlDeWa.7  831.063546  1404.36231685  1.700e-02  -1.137e-13   0 1 0 1 17 e   573.29877085 4.866e-02

114)  0 3 0 1 17 f >  1404.41547516 bunc = 1.691e-06 sunc=1.200e-02 func = 4.883e-02
80BlDeWa.2  831.070332  1404.41547516  4.000e-03  -1.137e-13   0 1 0 1 17 f   573.34514316 4.733e-02

115)  0 3 0 1 17 e >  1615.61846885 bunc = 1.691e-06 sunc=2.042e-02 func = 5.277e-02
79WePeMa.2  1042.319698  1615.61846885  1.700e-02  0.000e+00   0 1 0 1 17 e   573.29877085 4.866e-02

116)  1 1 0 1 17 f >  1615.71957016 bunc = 1.691e-06 sunc=1.131e-02 func = 4.866e-02
79WePeMa.1  1042.374427  1615.71957016  6.700e-05  -1.137e-13   0 1 0 1 17 f   573.34514316 4.733e-02

117)  0 0 1 0 0 e >  2026.14900000 bunc = 1.404e-13 sunc=1.100e-02 func = 1.100e-02
76FaVa.2  2026.149000  2026.14900000  1.100e-02  0.000e+00   0 0 0 0 0 e   0.00000000 0.000e+00

118)  0 0 1 0 1 e >  2026.22108425 bunc = 9.645e-08 sunc=3.341e-05 func = 3.341e-05
92MaLaFa.02  2025.079324  2026.22108425  3.340e-05  2.420e-14   0 0 0 0 2 e   1.14176025 6.933e-07
73MaJo.21  0.756503  2026.22108425  2.669e-06  1.122e-13   0 0 1 0 2 e   2026.97758693 4.732e-05

119)  0 0 1 0 2 e >  2026.97758693 bunc = 9.645e-08 sunc=3.351e-05 func = 4.732e-05
73MaJo.21  0.756503  2026.97758693  2.669e-06  -1.122e-13   0 0 1 0 1 e   2026.22108425 3.341e-05

120)  0 0 1 0 3 e >  2028.41651729 bunc = 9.645e-08 sunc=3.000e-04 func = 3.000e-04
85HuFoJo.1  2026.132999  2028.41651729  3.000e-04  -4.885e-14   0 0 0 0 3 e   2.28351829 1.395e-06

121)  0 4 0 0 0 e >  2083.30000000 bunc = 1.433e-13 sunc=8.000e-03 func = 8.000e-03
76FaVa.1  2083.300000  2083.30000000  8.000e-03  0.000e+00   0 0 0 0 0 e   0.00000000 0.000e+00

122)  0 0 1 0 30 e >  2202.00138826 bunc = 8.572e-07 sunc=3.002e-04 func = 3.037e-04
85HuFoJo.2  2025.061047  2202.00138826  3.000e-04  -2.842e-14   0 0 0 0 30 e   176.94034126 4.605e-05

123)  0 4 0 0 30 e >  2261.26481826 bunc = 8.572e-07 sunc=8.000e-03 func = 8.000e-03
76FaVa.3  2084.324477  2261.26481826  8.000e-03  1.990e-13   0 0 0 0 30 e   176.94034126 4.605e-05

124)  3 0 0 0 0 e >  2494.79900000 bunc = 1.427e-13 sunc=7.000e-03 func = 7.000e-03
76FaVa.10  2494.799000  2494.79900000  7.000e-03  0.000e+00   0 0 0 0 0 e   0.00000000 0.000e+00

125)  0 1 1 1 1 e >  2534.25577989 bunc = 3.144e-09 sunc=8.000e-03 func = 8.000e-03
76FaVa.129  2533.875193  2534.25577989  8.000e-03  -1.156e-13   0 0 0 0 1 e   0.38058689 1.334e-07

126)  0 1 1 1 1 f >  2534.25614889 bunc = 3.144e-09 sunc=8.000e-03 func = 8.000e-03
76FaVa.93  2018.876697  2534.25614889  8.000e-03  -1.137e-13   0 1 0 1 1 f   515.37945189 1.386e-02
76FaVa.100  2533.875562  2534.25614889  8.000e-03  -1.156e-13   0 0 0 0 1 e   0.38058689 1.334e-07

127)  0 1 1 1 3 e >  2536.37647375 bunc = 3.333e-09 sunc=1.131e-02 func = 2.117e-02
92MaLaFa.13  2020.997399  2536.37647375  3.340e-05  -1.137e-13   0 1 0 1 1 e   515.37907475 1.789e-02

128)  0 1 1 1 3 f >  2536.37685089 bunc = 3.144e-09 sunc=1.131e-02 func = 1.789e-02
92MaLaFa.04  2020.997399  2536.37685089  3.340e-05  -1.137e-13   0 1 0 1 1 f   515.37945189 1.386e-02

129)  0 1 1 1 9 f >  2550.95956366 bunc = 1.691e-06 sunc=1.131e-02 func = 4.000e-02
92MaLaFa.03  2015.002908  2550.95956366  3.340e-05  2.274e-13   0 1 0 1 10 e   535.95665566 3.837e-02

130)  0 1 1 1 17 f >  2591.90061369 bunc = 1.691e-06 sunc=1.131e-02 func = 4.866e-02
92MaLaFa.05  2025.079324  2591.90061369  3.340e-05  -1.137e-13   0 1 0 1 16 e   566.82128969 4.733e-02

131)  0 5 0 1 1 f >  2609.18474589 bunc = 3.144e-09 sunc=1.330e-02 func = 1.921e-02
76FaVa.92  2093.805294  2609.18474589  7.000e-03  1.137e-13   0 1 0 1 1 f   515.37945189 1.386e-02

132)  0 5 0 1 1 e >  2609.19064075 bunc = 3.334e-09 sunc=1.510e-02 func = 2.341e-02
76FaVa.126  2093.811566  2609.19064075  1.000e-02  1.137e-13   0 1 0 1 1 e   515.37907475 1.789e-02

133)  3 0 0 0 30 e >  2670.19751226 bunc = 8.572e-07 sunc=7.000e-03 func = 7.000e-03
76FaVa.14  2493.257171  2670.19751226  7.000e-03  1.990e-13   0 0 0 0 30 e   176.94034126 4.605e-05

134)  2 2 0 0 0 e >  2679.68100000 bunc = 1.780e-13 sunc=1.000e-02 func = 1.000e-02
76FaVa.9  2679.681000  2679.68100000  1.000e-02  0.000e+00   0 0 0 0 0 e   0.00000000 0.000e+00

135)  0 1 1 1 30 e >  2709.97604826 bunc = 8.572e-07 sunc=8.000e-03 func = 8.000e-03
76FaVa.130  2533.035707  2709.97604826  8.000e-03  1.990e-13   0 0 0 0 30 e   176.94034126 4.605e-05

136)  0 1 1 1 30 f >  2710.14770726 bunc = 8.572e-07 sunc=8.000e-03 func = 8.000e-03
76FaVa.95  2017.808553  2710.14770726  8.000e-03  2.274e-13   0 1 0 1 30 f   692.33915426 1.386e-02
76FaVa.101  2533.207366  2710.14770726  8.000e-03  1.990e-13   0 0 0 0 30 e   176.94034126 4.605e-05

137)  0 5 0 1 30 e >  2786.71143296 bunc = 1.691e-06 sunc=1.510e-02 func = 6.527e-02
76FaVa.127  2094.547358  2786.71143296  1.000e-02  -1.137e-13   0 1 0 1 30 e   692.16407496 6.350e-02

138)  0 5 0 1 30 f >  2787.21605626 bunc = 8.572e-07 sunc=1.330e-02 func = 1.921e-02
76FaVa.94  2094.876902  2787.21605626  7.000e-03  0.000e+00   0 1 0 1 30 f   692.33915426 1.386e-02

139)  2 2 0 0 30 e >  2856.30218126 bunc = 8.572e-07 sunc=1.000e-02 func = 1.000e-02
76FaVa.13  2679.361840  2856.30218126  1.000e-02  1.990e-13   0 0 0 0 30 e   176.94034126 4.605e-05

140)  1 0 1 0 0 e >  2860.68500000 bunc = 1.862e-13 sunc=8.000e-03 func = 8.000e-03
76FaVa.8  2860.685000  2860.68500000  8.000e-03  0.000e+00   0 0 0 0 0 e   0.00000000 0.000e+00

141)  3 1 0 1 1 e >  2991.17302175 bunc = 3.334e-09 sunc=1.386e-02 func = 2.263e-02
76FaVa.136  2475.793947  2991.17302175  8.000e-03  1.137e-13   0 1 0 1 1 e   515.37907475 1.789e-02

142)  3 1 0 1 1 f >  2991.17339889 bunc = 3.144e-09 sunc=1.386e-02 func = 1.960e-02
76FaVa.107  2475.793947  2991.17339889  8.000e-03  1.137e-13   0 1 0 1 1 f   515.37945189 1.386e-02

143)  1 0 1 0 30 e >  3036.06220726 bunc = 8.572e-07 sunc=8.000e-03 func = 8.000e-03
76FaVa.12  2859.121866  3036.06220726  8.000e-03  1.990e-13   0 0 0 0 30 e   176.94034126 4.605e-05

144)  0 2 1 0 0 e >  3048.74300000 bunc = 2.103e-13 sunc=1.300e-02 func = 1.300e-02
92MaLaFa.06  2011.091001  3048.74300000  3.340e-05  0.000e+00   0 2 0 0 2 e   1037.65199900 1.838e-02
76FaVa.7  3048.743000  3048.74300000  1.300e-02  0.000e+00   0 0 0 0 0 e   0.00000000 0.000e+00

145)  3 1 0 1 30 e >  3166.52158196 bunc = 1.691e-06 sunc=1.386e-02 func = 6.499e-02
76FaVa.140  2474.357507  3166.52158196  8.000e-03  -1.137e-13   0 1 0 1 30 e   692.16407496 6.350e-02

146)  3 1 0 1 30 f >  3166.73066126 bunc = 8.572e-07 sunc=1.386e-02 func = 1.960e-02
76FaVa.111  2474.391507  3166.73066126  8.000e-03  0.000e+00   0 1 0 1 30 f   692.33915426 1.386e-02

147)  2 3 0 1 1 f >  3188.73892589 bunc = 3.144e-09 sunc=1.510e-02 func = 2.049e-02
76FaVa.106  2673.359474  3188.73892589  1.000e-02  1.137e-13   0 1 0 1 1 f   515.37945189 1.386e-02

148)  2 3 0 1 1 e >  3188.74609175 bunc = 3.333e-09 sunc=1.446e-02 func = 2.300e-02
76FaVa.135  2673.367017  3188.74609175  9.000e-03  1.137e-13   0 1 0 1 1 e   515.37907475 1.789e-02

149)  0 2 1 0 30 e >  3225.19707126 bunc = 8.572e-07 sunc=1.300e-02 func = 1.300e-02
76FaVa.11  3048.256730  3225.19707126  1.300e-02  1.990e-13   0 0 0 0 30 e   176.94034126 4.605e-05

150)  4 0 0 0 0 e >  3313.47421845 bunc = 4.705e-04 sunc=7.000e-03 func = 7.000e-03
76FaVa.29  3313.474000  3313.47400000  7.000e-03  -2.184e-04   0 0 0 0 0 e   0.00000000 0.000e+00
76FaVa.65  2475.470000  3313.47475789  1.100e-02  5.394e-04   1 0 0 0 0 e   838.00475789 1.273e-02

151)  1 1 1 1 1 e >  3361.60143459 bunc = 1.246e-02 sunc=3.100e-02 func = 3.579e-02
92MaLaFa.10  2015.002908  3361.60143459  3.340e-05  -4.220e-10   1 1 0 1 1 f   1346.59852659 4.598e-02
92MaLaFa.11  2015.002908  3361.60143458  3.340e-05  -4.373e-09   1 1 0 1 1 e   1346.59852658 4.735e-02
76FaVa.134  2846.498771  3361.87784575  2.536e-01  2.764e-01   0 1 0 1 1 e   515.37907475 1.789e-02  WRONG

152)  1 1 1 1 1 f >  3361.60143459 bunc = 1.246e-02 sunc=3.100e-02 func = 3.395e-02
92MaLaFa.12  2015.002908  3361.60143459  3.340e-05  -4.807e-09   1 1 0 1 1 f   1346.59852659 4.598e-02
76FaVa.105  2846.497815  3361.87726689  2.530e-01  2.758e-01   0 1 0 1 1 f   515.37945189 1.386e-02  WRONG

153)  2 3 0 1 30 e >  3365.08155296 bunc = 1.691e-06 sunc=1.446e-02 func = 6.512e-02
76FaVa.139  2672.917478  3365.08155296  9.000e-03  -1.137e-13   0 1 0 1 30 e   692.16407496 6.350e-02

154)  2 3 0 1 30 f >  3365.45870926 bunc = 8.572e-07 sunc=1.510e-02 func = 2.049e-02
76FaVa.110  2673.119555  3365.45870926  1.000e-02  0.000e+00   0 1 0 1 30 f   692.33915426 1.386e-02

155)  4 0 0 0 30 e >  3488.34258033 bunc = 2.858e-03 sunc=7.000e-03 func = 7.000e-03
76FaVa.33  3311.400228  3488.34056926  7.000e-03  -2.011e-03   0 0 0 0 30 e   176.94034126 4.605e-05
76FaVa.78  2473.905509  3488.34754642  1.100e-02  4.966e-03   1 0 0 0 30 e   1014.44203742 1.273e-02

156)  1 1 1 1 30 e >  3537.16388496 bunc = 1.691e-06 sunc=1.510e-02 func = 6.527e-02
76FaVa.138  2844.999810  3537.16388496  1.000e-02  -1.137e-13   0 1 0 1 30 e   692.16407496 6.350e-02

157)  1 1 1 1 30 f >  3537.35722626 bunc = 8.572e-07 sunc=1.510e-02 func = 2.049e-02
76FaVa.109  2845.018072  3537.35722626  1.000e-02  0.000e+00   0 1 0 1 30 f   692.33915426 1.386e-02

158)  0 3 1 1 1 e >  3563.57675675 bunc = 3.334e-09 sunc=1.649e-02 func = 2.433e-02
76FaVa.133  3048.197682  3563.57675675  1.200e-02  1.137e-13   0 1 0 1 1 e   515.37907475 1.789e-02

159)  0 3 1 1 1 f >  3563.57850089 bunc = 3.144e-09 sunc=1.510e-02 func = 2.049e-02
76FaVa.104  3048.199049  3563.57850089  1.000e-02  1.137e-13   0 1 0 1 1 f   515.37945189 1.386e-02

160)  2 0 1 0 0 e >  3688.81843076 bunc = 8.759e-04 sunc=7.000e-03 func = 7.000e-03
76FaVa.28  3688.819000  3688.81900000  7.000e-03  5.692e-04   0 0 0 0 0 e   0.00000000 0.000e+00
76FaVa.64  2850.812000  3688.81675789  1.200e-02  -1.673e-03   1 0 0 0 0 e   838.00475789 1.273e-02

161)  0 3 1 1 30 e >  3739.75148896 bunc = 1.691e-06 sunc=1.649e-02 func = 6.560e-02
76FaVa.137  3047.587414  3739.75148896  1.200e-02  -1.137e-13   0 1 0 1 30 e   692.16407496 6.350e-02

162)  0 3 1 1 30 f >  3740.10014626 bunc = 8.572e-07 sunc=1.510e-02 func = 2.049e-02
76FaVa.108  3047.760992  3740.10014626  1.000e-02  0.000e+00   0 1 0 1 30 f   692.33915426 1.386e-02

163)  2 0 1 0 30 e >  3863.74144921 bunc = 5.246e-03 sunc=7.000e-03 func = 7.000e-03
76FaVa.32  3686.804805  3863.74514626  7.000e-03  3.697e-03   0 0 0 0 30 e   176.94034126 4.605e-05
76FaVa.77  2849.288547  3863.73058442  1.200e-02  -1.086e-02   1 0 0 0 30 e   1014.44203742 1.273e-02

164)  1 2 1 0 0 e >  3869.59615490 bunc = 8.763e-04 sunc=7.000e-03 func = 7.000e-03
76FaVa.27  3869.597000  3869.59700000  7.000e-03  8.451e-04   0 0 0 0 0 e   0.00000000 0.000e+00
76FaVa.63  3031.590000  3869.59475789  9.000e-03  -1.397e-03   1 0 0 0 0 e   838.00475789 1.273e-02

165)  0 1 2 0 0 e >  4030.37100000 bunc = 2.809e-13 sunc=7.000e-03 func = 7.000e-03
76FaVa.26  4030.371000  4030.37100000  7.000e-03  0.000e+00   0 0 0 0 0 e   0.00000000 0.000e+00

166)  1 2 1 0 30 e >  4045.65337658 bunc = 2.979e-03 sunc=7.000e-03 func = 7.000e-03
76FaVa.31  3868.710975  4045.65131626  7.000e-03  -2.060e-03   0 0 0 0 30 e   176.94034126 4.605e-05
76FaVa.76  3031.214745  4045.65678242  9.000e-03  3.406e-03   1 0 0 0 30 e   1014.44203742 1.273e-02

167)  0 4 1 0 0 e >  4083.61900000 bunc = 2.603e-13 sunc=1.530e-02 func = 1.990e-02
76FaVa.66  3047.418000  4083.61900000  1.100e-02  0.000e+00   0 2 0 0 0 e   1036.20100000 1.273e-02

168)  0 0 2 0 30 e >  4205.13920726 bunc = 8.572e-07 sunc=7.000e-03 func = 7.000e-03
76FaVa.30  4028.198866  4205.13920726  7.000e-03  1.990e-13   0 0 0 0 30 e   176.94034126 4.605e-05

169)  0 4 1 0 30 e >  4260.56783526 bunc = 8.572e-07 sunc=1.530e-02 func = 1.990e-02
76FaVa.81  3046.856305  4260.56783526  1.100e-02  -2.274e-13   0 2 0 0 30 e   1213.71153026 1.273e-02

170)  1 3 1 1 1 e >  4378.12190675 bunc = 3.333e-09 sunc=1.330e-02 func = 2.229e-02
76FaVa.145  3862.742832  4378.12190675  7.000e-03  1.137e-13   0 1 0 1 1 e   515.37907475 1.789e-02

171)  3 4 0 0 0 e >  4503.42000000 bunc = 2.988e-13 sunc=1.600e-02 func = 1.600e-02
76FaVa.46  4503.420000  4503.42000000  1.600e-02  0.000e+00   0 0 0 0 0 e   0.00000000 0.000e+00

172)  3 0 1 0 0 e >  4511.41000000 bunc = 2.881e-13 sunc=7.000e-03 func = 7.000e-03
76FaVa.45  4511.410000  4511.41000000  7.000e-03  0.000e+00   0 0 0 0 0 e   0.00000000 0.000e+00

173)  1 3 1 1 30 e >  4553.90208596 bunc = 1.691e-06 sunc=1.330e-02 func = 6.488e-02
76FaVa.146  3861.738011  4553.90208596  7.000e-03  -1.137e-13   0 1 0 1 30 e   692.16407496 6.350e-02

174)  3 4 0 0 30 e >  4680.02208126 bunc = 8.572e-07 sunc=8.000e-03 func = 8.000e-03
76FaVa.51  4503.081740  4680.02208126  8.000e-03  -2.558e-13   0 0 0 0 30 e   176.94034126 4.605e-05

175)  2 2 1 0 0 e >  4684.97719590 bunc = 1.282e-03 sunc=7.000e-03 func = 7.000e-03
76FaVa.44  4684.976000  4684.97600000  7.000e-03  -1.196e-03   0 0 0 0 0 e   0.00000000 0.000e+00
76FaVa.68  3846.974000  4684.97875789  8.000e-03  1.562e-03   1 0 0 0 0 e   838.00475789 1.273e-02

176)  3 0 1 0 30 e >  4685.92455226 bunc = 8.572e-07 sunc=7.000e-03 func = 7.000e-03
76FaVa.50  4508.984211  4685.92455226  7.000e-03  -2.558e-13   0 0 0 0 30 e   176.94034126 4.605e-05

177)  2 2 1 0 30 e >  4860.62171038 bunc = 1.515e-03 sunc=7.000e-03 func = 7.000e-03
76FaVa.49  4683.681353  4860.62169426  7.000e-03  -1.612e-05   0 0 0 0 30 e   176.94034126 4.605e-05
76FaVa.70  3846.179694  4860.62173142  8.000e-03  2.105e-05   1 0 0 0 30 e   1014.44203742 1.273e-02

178)  1 0 2 0 0 e >  4861.21375789 bunc = 1.089e-03 sunc=1.330e-02 func = 1.841e-02
76FaVa.67  4023.209000  4861.21375789  8.000e-03  0.000e+00   1 0 0 0 0 e   838.00475789 1.273e-02

179)  3 1 1 1 1 f >  4999.27349089 bunc = 3.144e-09 sunc=1.510e-02 func = 2.049e-02
76FaVa.117  4483.894039  4999.27349089  1.000e-02  1.137e-13   0 1 0 1 1 f   515.37945189 1.386e-02

180)  1 0 2 0 30 e >  5035.55123841 bunc = 2.300e-03 sunc=1.000e-02 func = 1.000e-02
76FaVa.48  4858.611694  5035.55203526  1.000e-02  7.969e-04   0 0 0 0 30 e   176.94034126 4.605e-05
76FaVa.69  4021.108691  5035.55072842  8.000e-03  -5.100e-04   1 0 0 0 30 e   1014.44203742 1.273e-02

181)  0 2 2 0 0 e >  5039.23600000 bunc = 3.316e-13 sunc=7.000e-03 func = 7.000e-03
76FaVa.43  5039.236000  5039.23600000  7.000e-03  0.000e+00   0 0 0 0 0 e   0.00000000 0.000e+00
76FaVa.72  4003.035000  5039.23600000  8.000e-03  0.000e+00   0 2 0 0 0 e   1036.20100000 1.273e-02

182)  3 1 1 1 22 f >  5094.12782911 bunc = 1.691e-06 sunc=1.510e-02 func = 5.575e-02
76FaVa.121  4482.643968  5094.12782911  1.000e-02  -2.274e-13   0 1 0 1 22 f   611.48386111 5.367e-02

183)  2 3 1 1 1 f >  5187.54690489 bunc = 3.144e-09 sunc=1.386e-02 func = 1.960e-02
76FaVa.116  4672.167453  5187.54690489  8.000e-03  1.137e-13   0 1 0 1 1 f   515.37945189 1.386e-02

184)  2 3 1 1 1 e >  5187.56300175 bunc = 3.333e-09 sunc=1.446e-02 func = 2.300e-02
76FaVa.150  4672.183927  5187.56300175  9.000e-03  1.137e-13   0 1 0 1 1 e   515.37907475 1.789e-02

185)  0 2 2 0 30 e >  5214.64862926 bunc = 8.572e-07 sunc=7.000e-03 func = 7.000e-03
76FaVa.47  5037.708288  5214.64862926  7.000e-03  -2.558e-13   0 0 0 0 30 e   176.94034126 4.605e-05
76FaVa.73  4000.937099  5214.64862926  8.000e-03  -2.274e-13   0 2 0 0 30 e   1213.71153026 1.273e-02

186)  2 3 1 1 22 f >  5283.00941911 bunc = 1.691e-06 sunc=1.386e-02 func = 5.543e-02
76FaVa.120  4671.525558  5283.00941911  8.000e-03  -2.274e-13   0 1 0 1 22 f   611.48386111 5.367e-02

187)  1 1 2 1 1 f >  5354.94701189 bunc = 3.144e-09 sunc=1.386e-02 func = 1.960e-02
76FaVa.115  4839.567560  5354.94701189  8.000e-03  1.137e-13   0 1 0 1 1 f   515.37945189 1.386e-02

188)  2 3 1 1 30 e >  5362.92203696 bunc = 1.691e-06 sunc=1.446e-02 func = 6.512e-02
76FaVa.152  4670.757962  5362.92203696  9.000e-03  3.411e-13   0 1 0 1 30 e   692.16407496 6.350e-02

189)  1 1 2 1 22 f >  5449.68125711 bunc = 1.691e-06 sunc=1.386e-02 func = 5.543e-02
76FaVa.119  4838.197396  5449.68125711  8.000e-03  -2.274e-13   0 1 0 1 22 f   611.48386111 5.367e-02

190)  0 3 2 1 1 f >  5547.53932689 bunc = 3.144e-09 sunc=1.386e-02 func = 1.960e-02
76FaVa.114  5032.159875  5547.53932689  8.000e-03  1.137e-13   0 1 0 1 1 f   515.37945189 1.386e-02

191)  0 3 2 1 1 e >  5547.54753175 bunc = 3.333e-09 sunc=1.386e-02 func = 2.263e-02
76FaVa.149  5032.168457  5547.54753175  8.000e-03  1.137e-13   0 1 0 1 1 e   515.37907475 1.789e-02

192)  0 3 2 1 22 f >  5642.85628711 bunc = 1.691e-06 sunc=1.386e-02 func = 5.543e-02
76FaVa.118  5031.372426  5642.85628711  8.000e-03  -2.274e-13   0 1 0 1 22 f   611.48386111 5.367e-02

193)  0 3 2 1 30 e >  5722.68876596 bunc = 1.691e-06 sunc=1.386e-02 func = 6.499e-02
76FaVa.151  5030.524691  5722.68876596  8.000e-03  3.411e-13   0 1 0 1 30 e   692.16407496 6.350e-02

194)  1 2 2 0 0 e >  5856.27800000 bunc = 4.175e-13 sunc=8.000e-03 func = 8.000e-03
76FaVa.84  5856.278000  5856.27800000  8.000e-03  0.000e+00   0 0 0 0 0 e   0.00000000 0.000e+00

195)  0 0 3 0 0 e >  6012.67900000 bunc = 3.498e-13 sunc=7.000e-03 func = 7.000e-03
76FaVa.83  6012.679000  6012.67900000  7.000e-03  0.000e+00   0 0 0 0 0 e   0.00000000 0.000e+00

196)  1 2 2 0 30 e >  6031.31607526 bunc = 8.572e-07 sunc=8.000e-03 func = 8.000e-03
76FaVa.86  5854.375734  6031.31607526  8.000e-03  -2.558e-13   0 0 0 0 30 e   176.94034126 4.605e-05

197)  0 0 3 0 30 e >  6186.36924426 bunc = 8.572e-07 sunc=7.000e-03 func = 7.000e-03
76FaVa.85  6009.428903  6186.36924426  7.000e-03  -2.558e-13   0 0 0 0 30 e   176.94034126 4.605e-05

198)  0 1 3 1 1 f >  6506.03358289 bunc = 3.144e-09 sunc=1.386e-02 func = 1.960e-02
76FaVa.123  5990.654131  6506.03358289  8.000e-03  1.137e-13   0 1 0 1 1 f   515.37945189 1.386e-02

199)  0 1 3 1 30 f >  6679.80459926 bunc = 8.572e-07 sunc=1.386e-02 func = 1.960e-02
76FaVa.124  5987.465445  6679.80459926  8.000e-03  0.000e+00   0 1 0 1 30 f   692.33915426 1.386e-02

200)  1 0 3 0 0 e >  6839.53000000 bunc = 4.354e-13 sunc=1.500e-02 func = 1.500e-02
76FaVa.89  6839.530000  6839.53000000  1.500e-02  0.000e+00   0 0 0 0 0 e   0.00000000 0.000e+00

201)  1 0 3 0 30 e >  7012.83324026 bunc = 8.572e-07 sunc=1.500e-02 func = 1.500e-02
76FaVa.90  6835.892899  7012.83324026  1.500e-02  -2.558e-13   0 0 0 0 30 e   176.94034126 4.605e-05

