2025.079324 0.0000334 3.340e-05 0 0 1 0 1 e  0 0 0 0 2 e  92MaLaFa.02
2015.002908 0.0000334 3.340e-05 0 1 1 1 9 f  0 1 0 1 10 e  92MaLaFa.03
2020.997399 0.0000334 3.340e-05 0 1 1 1 3 f  0 1 0 1 1 f  92MaLaFa.04
2025.079324 0.0000334 3.340e-05 0 1 1 1 17 f  0 1 0 1 16 e  92MaLaFa.05
2011.091001 0.0000334 3.340e-05 0 2 1 0 0 e  0 2 0 0 2 e  92MaLaFa.06
2015.002908 0.0000334 3.340e-05 0 2 1 2 9 e  0 2 0 2 8 e  92MaLaFa.07
2007.145129 0.0000334 3.340e-05 0 3 1 1 3 e  0 3 0 1 2 e  92MaLaFa.08
2007.145129 0.0000334 3.340e-05 0 3 1 1 3 f  0 3 0 1 2 f  92MaLaFa.09
2015.002908 0.0000334 3.340e-05 1 1 1 1 1 e  1 1 0 1 1 f  92MaLaFa.10
2015.002908 0.0000334 3.340e-05 1 1 1 1 1 e  1 1 0 1 1 e  92MaLaFa.11
2015.002908 0.0000334 3.340e-05 1 1 1 1 1 f  1 1 0 1 1 f  92MaLaFa.12
2020.997399 0.0000334 3.340e-05 0 1 1 1 3 e  0 1 0 1 1 e  92MaLaFa.13
1042.374427 0.000067 6.700e-05 1 1 0 1 17 f  0 1 0 1 17 f  79WePeMa.1
836.931279 0.000167 1.670e-04 1 0 0 0 44 e  0 0 0 0 44 e  81WePeMa.1
836.081952 0.000067 6.700e-05 1 0 0 0 59 e  0 0 0 0 59 e  81WePeMa.2
835.222521 0.0001 1.000e-04 1 0 0 0 71 e  0 0 0 0 71 e  81WePeMa.3
833.920316 0.000133 1.330e-04 1 0 0 0 86 e  0 0 0 0 86 e  81WePeMa.4
833.224643 0.000233 2.330e-04 1 0 0 0 93 e  0 0 0 0 93 e  81WePeMa.5
2083.3 0.008 8.000e-03 0 4 0 0 0 e  0 0 0 0 0 e  76FaVa.1
2026.149 0.011 1.100e-02 0 0 1 0 0 e  0 0 0 0 0 e  76FaVa.2
2026.132999 0.0003 3.000e-04 0 0 1 0 3 e  0 0 0 0 3 e  85HuFoJo.1
2084.324477 0.008 8.000e-03 0 4 0 0 30 e  0 0 0 0 30 e  76FaVa.3
2025.061047 0.0003 3.000e-04 0 0 1 0 30 e  0 0 0 0 30 e  85HuFoJo.2
2086.198279 0.008 8.000e-03 0 4 0 0 50 e  0 0 0 0 50 e  76FaVa.4
2023.169149 0.0003 3.000e-04 0 0 1 0 50 e  0 0 0 0 50 e  85HuFoJo.3
2022.012929 0.0003 3.000e-04 0 0 1 0 59 e  0 0 0 0 59 e  85HuFoJo.4
2021.132954 0.011 1.100e-02 0 0 1 0 65 e  0 0 0 0 65 e  76FaVa.5
2018.948056 0.011 1.100e-02 0 0 1 0 78 e  0 0 0 0 78 e  76FaVa.6
3048.743 0.013 1.300e-02 0 2 1 0 0 e  0 0 0 0 0 e  76FaVa.7
2860.685 0.008 8.000e-03 1 0 1 0 0 e  0 0 0 0 0 e  76FaVa.8
2679.681 0.01 1.000e-02 2 2 0 0 0 e  0 0 0 0 0 e  76FaVa.9
2494.799 0.007 7.000e-03 3 0 0 0 0 e  0 0 0 0 0 e  76FaVa.10
3048.25673 0.013 1.300e-02 0 2 1 0 30 e  0 0 0 0 30 e  76FaVa.11
2859.121866 0.008 8.000e-03 1 0 1 0 30 e  0 0 0 0 30 e  76FaVa.12
2679.36184 0.01 1.000e-02 2 2 0 0 30 e  0 0 0 0 30 e  76FaVa.13
2493.257171 0.007 7.000e-03 3 0 0 0 30 e  0 0 0 0 30 e  76FaVa.14
3047.431573 0.013 1.300e-02 0 2 1 0 50 e  0 0 0 0 50 e  76FaVa.15
2856.396591 0.008 8.000e-03 1 0 1 0 50 e  0 0 0 0 50 e  76FaVa.16
2678.834387 0.01 1.000e-02 2 2 0 0 50 e  0 0 0 0 50 e  76FaVa.17
2490.564381 0.007 7.000e-03 3 0 0 0 50 e  0 0 0 0 50 e  76FaVa.18
3046.57628 0.013 1.300e-02 0 2 1 0 65 e  0 0 0 0 65 e  76FaVa.19
2853.466053 0.008 8.000e-03 1 0 1 0 65 e  0 0 0 0 65 e  76FaVa.20
2678.308204 0.01 1.000e-02 2 2 0 0 65 e  0 0 0 0 65 e  76FaVa.21
2487.662186 0.007 7.000e-03 3 0 0 0 65 e  0 0 0 0 65 e  76FaVa.22
3045.691939 0.013 1.300e-02 0 2 1 0 78 e  0 0 0 0 78 e  76FaVa.23
2850.309277 0.008 8.000e-03 1 0 1 0 78 e  0 0 0 0 78 e  76FaVa.24
3044.775821 0.013 1.300e-02 0 2 1 0 90 e  0 0 0 0 90 e  76FaVa.25
4030.371 0.007 7.000e-03 0 1 2 0 0 e  0 0 0 0 0 e  76FaVa.26
3869.597 0.007 7.000e-03 1 2 1 0 0 e  0 0 0 0 0 e  76FaVa.27
3688.819 0.007 7.000e-03 2 0 1 0 0 e  0 0 0 0 0 e  76FaVa.28
3313.474 0.007 7.000e-03 4 0 0 0 0 e  0 0 0 0 0 e  76FaVa.29
4028.198866 0.007 7.000e-03 0 0 2 0 30 e  0 0 0 0 30 e  76FaVa.30
3868.710975 0.007 7.000e-03 1 2 1 0 30 e  0 0 0 0 30 e  76FaVa.31
3686.804805 0.007 7.000e-03 2 0 1 0 30 e  0 0 0 0 30 e  76FaVa.32
3311.400228 0.007 7.000e-03 4 0 0 0 30 e  0 0 0 0 30 e  76FaVa.33
4024.416801 0.007 7.000e-03 0 0 2 0 50 e  0 0 0 0 50 e  76FaVa.34
3867.186166 0.007 7.000e-03 1 2 1 0 50 e  0 0 0 0 50 e  76FaVa.35
3683.272661 0.007 7.000e-03 2 0 1 0 50 e  0 0 0 0 50 e  76FaVa.36
3307.773806 0.007 7.000e-03 4 0 0 0 50 e  0 0 0 0 50 e  76FaVa.37
4020.356922 0.007 7.000e-03 0 0 2 0 65 e  0 0 0 0 65 e  76FaVa.38
3865.574717 0.007 7.000e-03 1 2 1 0 65 e  0 0 0 0 65 e  76FaVa.39
3679.445552 0.007 7.000e-03 2 0 1 0 65 e  0 0 0 0 65 e  76FaVa.40
4015.991756 0.007 7.000e-03 0 0 2 0 78 e  0 0 0 0 78 e  76FaVa.41
3863.871448 0.007 7.000e-03 1 2 1 0 78 e  0 0 0 0 78 e  76FaVa.42
5039.236 0.007 7.000e-03 0 2 2 0 0 e  0 0 0 0 0 e  76FaVa.43
4684.976 0.007 7.000e-03 2 2 1 0 0 e  0 0 0 0 0 e  76FaVa.44
4511.41 0.007 7.000e-03 3 0 1 0 0 e  0 0 0 0 0 e  76FaVa.45
4503.42 0.016 1.600e-02 3 4 0 0 0 e  0 0 0 0 0 e  76FaVa.46
5037.708288 0.007 7.000e-03 0 2 2 0 30 e  0 0 0 0 30 e  76FaVa.47
4858.611694 0.01 1.000e-02 1 0 2 0 30 e  0 0 0 0 30 e  76FaVa.48
4683.681353 0.007 7.000e-03 2 2 1 0 30 e  0 0 0 0 30 e  76FaVa.49
4508.984211 0.007 7.000e-03 3 0 1 0 30 e  0 0 0 0 30 e  76FaVa.50
4503.08174 0.008 8.000e-03 3 4 0 0 30 e  0 0 0 0 30 e  76FaVa.51
4506.416405 0.007 7.000e-03 3 0 1 0 44 e  0 0 0 0 44 e  76FaVa.52
4502.612518 0.008 8.000e-03 3 4 0 0 44 e  0 0 0 0 44 e  76FaVa.53
5035.064876 0.007 7.000e-03 0 2 2 0 50 e  0 0 0 0 50 e  76FaVa.54
4854.062253 0.01 1.000e-02 1 0 2 0 50 e  0 0 0 0 50 e  76FaVa.55
4681.44351 0.007 7.000e-03 2 2 1 0 50 e  0 0 0 0 50 e  76FaVa.56
4505.253281 0.007 7.000e-03 3 0 1 0 50 e  0 0 0 0 50 e  76FaVa.57
4502.14999 0.008 8.000e-03 3 0 1 0 50 e  0 0 0 0 50 e  76FaVa.58
4504.589861 0.007 7.000e-03 3 0 1 0 54 e  0 0 0 0 54 e  76FaVa.59
4501.629516 0.008 8.000e-03 3 0 1 0 54 e  0 0 0 0 54 e  76FaVa.60
4849.172937 0.01 1.000e-02 1 0 2 0 65 e  0 0 0 0 65 e  76FaVa.61
4679.064457 0.007 7.000e-03 2 2 1 0 65 e  0 0 0 0 65 e  76FaVa.62
3031.59 0.009 9.000e-03 1 2 1 0 0 e  1 0 0 0 0 e  76FaVa.63
2850.812 0.012 1.200e-02 2 0 1 0 0 e  1 0 0 0 0 e  76FaVa.64
2475.47 0.011 1.100e-02 4 0 0 0 0 e  1 0 0 0 0 e  76FaVa.65
3047.418 0.011 1.100e-02 0 4 1 0 0 e  0 2 0 0 0 e  76FaVa.66
4023.209 0.008 8.000e-03 1 0 2 0 0 e  1 0 0 0 0 e  76FaVa.67
3846.974 0.008 8.000e-03 2 2 1 0 0 e  1 0 0 0 0 e  76FaVa.68
4021.108691 0.008 8.000e-03 1 0 2 0 30 e  1 0 0 0 30 e  76FaVa.69
3846.179694 0.008 8.000e-03 2 2 1 0 30 e  1 0 0 0 30 e  76FaVa.70
4017.438108 0.008 8.000e-03 1 0 2 0 50 e  1 0 0 0 50 e  76FaVa.71
4003.035 0.008 8.000e-03 0 2 2 0 0 e  0 2 0 0 0 e  76FaVa.72
4000.937099 0.008 8.000e-03 0 2 2 0 30 e  0 2 0 0 30 e  76FaVa.73
4001.24 0.008 8.000e-03 0 2 2 2 0 e  0 2 0 2 0 e  76FaVa.74
3999.13833 0.008 8.000e-03 0 2 2 2 30 e  0 2 0 2 30 e  76FaVa.75
3031.214745 0.009 9.000e-03 1 2 1 0 30 e  1 0 0 0 30 e  76FaVa.76
2849.288547 0.012 1.200e-02 2 0 1 0 30 e  1 0 0 0 30 e  76FaVa.77
2473.905509 0.011 1.100e-02 4 0 0 0 30 e  1 0 0 0 30 e  76FaVa.78
2846.636031 0.012 1.200e-02 2 0 1 0 50 e  1 0 0 0 50 e  76FaVa.79
2471.165396 0.011 1.100e-02 4 0 0 0 50 e  1 0 0 0 50 e  76FaVa.80
3046.856305 0.011 1.100e-02 0 4 1 0 30 e  0 2 0 0 30 e  76FaVa.81
3045.93529 0.011 1.100e-02 0 4 1 0 50 e  0 2 0 0 50 e  76FaVa.82
6012.679 0.007 7.000e-03 0 0 3 0 0 e  0 0 0 0 0 e  76FaVa.83
5856.278 0.008 8.000e-03 1 2 2 0 0 e  0 0 0 0 0 e  76FaVa.84
6009.428903 0.007 7.000e-03 0 0 3 0 30 e  0 0 0 0 30 e  76FaVa.85
5854.375734 0.008 8.000e-03 1 2 2 0 30 e  0 0 0 0 30 e  76FaVa.86
6003.769096 0.007 7.000e-03 0 0 3 0 50 e  0 0 0 0 50 e  76FaVa.87
5997.692383 0.007 7.000e-03 0 0 3 0 65 e  0 0 0 0 65 e  76FaVa.88
6839.53 0.015 1.500e-02 1 0 3 0 0 e  0 0 0 0 0 e  76FaVa.89
6835.892899 0.015 1.500e-02 1 0 3 0 30 e  0 0 0 0 30 e  76FaVa.90
6829.525496 0.015 1.500e-02 1 0 3 0 50 e  0 0 0 0 50 e  76FaVa.91
831.210049 0.004 2.976e-02 1 1 0 1 3 f  0 1 0 1 3 f  80BlDeWa.1
831.070332 0.004 4.000e-03 0 3 0 1 17 f  0 1 0 1 17 f  80BlDeWa.2
830.453121 0.004 4.000e-03 1 1 0 1 39 f  0 1 0 1 39 f  80BlDeWa.3
829.96493 0.004 4.000e-03 1 1 0 1 50 f  0 1 0 1 50 f  80BlDeWa.4
829.233379 0.007 7.000e-03 1 1 0 1 63 f  0 1 0 1 63 f  80BlDeWa.5
2093.805294 0.007 7.000e-03 0 5 0 1 1 f  0 1 0 1 1 f  76FaVa.92
2018.876697 0.008 8.000e-03 0 1 1 1 1 f  0 1 0 1 1 f  76FaVa.93
2094.876902 0.007 7.000e-03 0 5 0 1 30 f  0 1 0 1 30 f  76FaVa.94
2017.808553 0.008 8.000e-03 0 1 1 1 30 f  0 1 0 1 30 f  76FaVa.95
2015.94704 0.008 8.000e-03 0 1 1 1 50 f  0 1 0 1 50 f  76FaVa.96
2013.94704 0.008 8.000e-03 0 1 1 1 65 f  0 1 0 1 65 f  76FaVa.97
2011.799641 0.008 8.000e-03 0 1 1 1 78 f  0 1 0 1 78 f  76FaVa.98
2009.476535 0.008 8.000e-03 0 1 1 1 90 f  0 1 0 1 90 f  76FaVa.99
2533.875562 0.008 8.000e-03 0 1 1 1 1 f  0 0 0 0 1 e  76FaVa.100
2533.207366 0.008 8.000e-03 0 1 1 1 30 f  0 0 0 0 30 e  76FaVa.101
2532.037188 0.008 8.000e-03 0 1 1 1 50 f  0 0 0 0 50 e  76FaVa.102
2530.775068 0.008 8.000e-03 0 1 1 1 65 f  0 0 0 0 65 e  76FaVa.103
3048.199049 0.01 1.000e-02 0 3 1 1 1 f  0 1 0 1 1 f  76FaVa.104
2846.497815 0.01 2.786e-01 1 1 1 1 1 f  0 1 0 1 1 f  76FaVa.105
2673.359474 0.01 1.000e-02 2 3 0 1 1 f  0 1 0 1 1 f  76FaVa.106
2475.793947 0.008 8.000e-03 3 1 0 1 1 f  0 1 0 1 1 f  76FaVa.107
3047.760992 0.01 1.000e-02 0 3 1 1 30 f  0 1 0 1 30 f  76FaVa.108
2845.018072 0.01 1.000e-02 1 1 1 1 30 f  0 1 0 1 30 f  76FaVa.109
2673.119555 0.01 1.000e-02 2 3 0 1 30 f  0 1 0 1 30 f  76FaVa.110
2474.391507 0.008 8.000e-03 3 1 0 1 30 f  0 1 0 1 30 f  76FaVa.111
2842.425819 0.01 1.000e-02 1 1 1 1 50 f  0 1 0 1 50 f  76FaVa.112
2839.628686 0.01 1.000e-02 1 1 1 1 65 f  0 1 0 1 65 f  76FaVa.113
5032.159875 0.008 8.000e-03 0 3 2 1 1 f  0 1 0 1 1 f  76FaVa.114
4839.56756 0.008 8.000e-03 1 1 2 1 1 f  0 1 0 1 1 f  76FaVa.115
4672.167453 0.008 8.000e-03 2 3 1 1 1 f  0 1 0 1 1 f  76FaVa.116
4483.894039 0.01 1.000e-02 3 1 1 1 1 f  0 1 0 1 1 f  76FaVa.117
5031.372426 0.008 8.000e-03 0 3 2 1 22 f  0 1 0 1 22 f  76FaVa.118
4838.197396 0.008 8.000e-03 1 1 2 1 22 f  0 1 0 1 22 f  76FaVa.119
4671.525558 0.008 8.000e-03 2 3 1 1 22 f  0 1 0 1 22 f  76FaVa.120
4482.643968 0.01 1.000e-02 3 1 1 1 22 f  0 1 0 1 22 f  76FaVa.121
4834.668869 0.008 8.000e-03 1 1 2 1 42 f  0 1 0 1 42 f  76FaVa.122
5990.654131 0.008 8.000e-03 0 1 3 1 1 f  0 1 0 1 1 f  76FaVa.123
5987.465445 0.008 8.000e-03 0 1 3 1 30 f  0 1 0 1 30 f  76FaVa.124
5981.891971 0.008 8.000e-03 0 1 3 1 50 f  0 1 0 1 50 f  76FaVa.125
831.211181 0.003 2.886e-02 1 1 0 1 3 e  0 1 0 1 3 e  80BlDeWa.6
1042.319698 0.017 1.700e-02 0 3 0 1 17 e  0 1 0 1 17 e  79WePeMa.2
831.063546 0.017 1.700e-02 1 1 0 1 17 e  0 1 0 1 17 e  80BlDeWa.7
830.432867 0.039 3.900e-02 1 1 0 1 39 e  0 1 0 1 39 e  80BlDeWa.8
829.93216 0.05 5.000e-02 1 1 0 1 50 e  0 1 0 1 50 e  80BlDeWa.9
829.182169 0.063 6.300e-02 1 1 0 1 63 e  0 1 0 1 63 e  80BlDeWa.10
2093.811566 0.01 1.000e-02 0 5 0 1 1 e  0 1 0 1 1 e  76FaVa.126
2094.547358 0.01 1.000e-02 0 5 0 1 30 e  0 1 0 1 30 e  76FaVa.127
2095.875576 0.01 1.000e-02 0 5 0 1 50 e  0 1 0 1 50 e  76FaVa.128
2533.875193 0.008 8.000e-03 0 1 1 1 1 e  0 0 0 0 1 e  76FaVa.129
2533.035707 0.008 8.000e-03 0 1 1 1 30 e  0 0 0 0 30 e  76FaVa.130
2531.565272 0.008 8.000e-03 0 1 1 1 50 e  0 0 0 0 50 e  76FaVa.131
2529.9789 0.008 8.000e-03 0 1 1 1 65 e  0 0 0 0 65 e  76FaVa.132
3048.197682 0.012 1.200e-02 0 3 1 1 1 e  0 1 0 1 1 e  76FaVa.133
2846.498771 0.01 2.792e-01 1 1 1 1 1 e  0 1 0 1 1 e  76FaVa.134
2673.367017 0.009 9.000e-03 2 3 0 1 1 e  0 1 0 1 1 e  76FaVa.135
2475.793947 0.008 8.000e-03 3 1 0 1 1 e  0 1 0 1 1 e  76FaVa.136
3047.587414 0.012 1.200e-02 0 3 1 1 30 e  0 1 0 1 30 e  76FaVa.137
2844.99981 0.01 1.000e-02 1 1 1 1 30 e  0 1 0 1 30 e  76FaVa.138
2672.917478 0.009 9.000e-03 2 3 0 1 30 e  0 1 0 1 30 e  76FaVa.139
2474.357507 0.008 8.000e-03 3 1 0 1 30 e  0 1 0 1 30 e  76FaVa.140
3046.529094 0.012 1.200e-02 0 3 1 1 50 e  0 1 0 1 50 e  76FaVa.141
2842.380613 0.01 1.000e-02 1 1 1 1 50 e  0 1 0 1 50 e  76FaVa.142
3045.402319 0.012 1.200e-02 0 3 1 1 65 e  0 1 0 1 65 e  76FaVa.143
2839.563895 0.01 1.000e-02 1 1 1 1 65 e  0 1 0 1 65 e  76FaVa.144
3862.742832 0.007 7.000e-03 1 3 1 1 1 e  0 1 0 1 1 e  76FaVa.145
3861.738011 0.007 7.000e-03 1 3 1 1 30 e  0 1 0 1 30 e  76FaVa.146
3858.988858 0.007 7.000e-03 1 3 1 1 50 e  0 1 0 1 50 e  76FaVa.147
3858.117154 0.007 7.000e-03 1 3 1 1 65 e  0 1 0 1 65 e  76FaVa.148
5032.168457 0.008 8.000e-03 0 3 2 1 1 e  0 1 0 1 1 e  76FaVa.149
4672.183927 0.009 9.000e-03 2 3 1 1 1 e  0 1 0 1 1 e  76FaVa.150
5030.524691 0.008 8.000e-03 0 3 2 1 30 e  0 1 0 1 30 e  76FaVa.151
4670.757962 0.009 9.000e-03 2 3 1 1 30 e  0 1 0 1 30 e  76FaVa.152
22819.404 0.02 2.000e-02 0 0 0 0 2 e  0 0 0 0 1 e  81BuVaKa.1
34229.045 0.03 3.000e-02 0 0 0 0 3 e  0 0 0 0 2 e  81BuVaKa.2
125500.89 0.03 3.000e-02 0 0 0 0 11 e  0 0 0 0 10 e  81BuVaKa.3
307973.07 0.011 1.100e-02 0 0 0 0 27 e  0 0 0 0 26 e  81BuVaKa.4
319372.518 0.011 1.100e-02 0 0 0 0 28 e  0 0 0 0 27 e  81BuVaKa.5
330771.187 0.011 1.100e-02 0 0 0 0 29 e  0 0 0 0 28 e  81BuVaKa.6
342169.08 0.011 1.100e-02 0 0 0 0 30 e  0 0 0 0 29 e  81BuVaKa.7
353566.14 0.011 1.100e-02 0 0 0 0 31 e  0 0 0 0 30 e  81BuVaKa.8
364962.357 0.011 1.100e-02 0 0 0 0 32 e  0 0 0 0 31 e  81BuVaKa.9
376357.71 0.011 1.100e-02 0 0 0 0 33 e  0 0 0 0 32 e  81BuVaKa.10
478872.249 0.011 1.100e-02 0 0 0 0 42 e  0 0 0 0 41 e  81BuVaKa.11
490257.399 0.011 1.100e-02 0 0 0 0 43 e  0 0 0 0 42 e  81BuVaKa.12
501641.387 0.011 1.100e-02 0 0 0 0 44 e  0 0 0 0 43 e  81BuVaKa.13
22848.653 0.02 2.197e-02 0 1 0 1 2 e  0 1 0 1 1 e  81BuVaKa.14
34306.73 0.01 7.390e-02 0 1 0 1 3 f  0 1 0 1 2 f  81BuVaKa.15
125661.45 0.03 3.000e-02 0 1 0 1 11 e  0 1 0 1 10 e  81BuVaKa.16
296951.657 0.022 2.200e-02 0 1 0 1 26 e  0 1 0 1 25 e  81BuVaKa.17
308366.333 0.022 2.200e-02 0 1 0 1 27 e  0 1 0 1 26 e  81BuVaKa.18
319780.203 0.022 2.200e-02 0 1 0 1 28 e  0 1 0 1 27 e  81BuVaKa.19
331193.313 0.022 2.200e-02 0 1 0 1 29 e  0 1 0 1 28 e  81BuVaKa.20
342605.663 0.022 2.200e-02 0 1 0 1 30 e  0 1 0 1 29 e  81BuVaKa.21
354017.144 0.022 2.200e-02 0 1 0 1 31 e  0 1 0 1 30 e  81BuVaKa.22
365427.772 0.022 2.200e-02 0 1 0 1 32 e  0 1 0 1 31 e  81BuVaKa.23
479481.101 0.022 2.200e-02 0 1 0 1 42 e  0 1 0 1 41 e  81BuVaKa.24
502278.795 0.022 2.200e-02 0 1 0 1 44 e  0 1 0 1 43 e  81BuVaKa.25
22871.228 0.02 2.000e-02 0 1 0 1 2 f  0 1 0 1 1 f  81BuVaKa.26
34272.92 0.025 4.730e-02 0 1 0 1 3 e  0 1 0 1 2 e  81BuVaKa.27
308671.306 0.022 2.200e-02 0 1 0 1 27 f  0 1 0 1 26 f  81BuVaKa.28
331520.866 0.022 2.200e-02 0 1 0 1 29 f  0 1 0 1 28 f  81BuVaKa.29
342944.416 0.022 2.200e-02 0 1 0 1 30 f  0 1 0 1 29 f  81BuVaKa.30
354367.205 0.022 2.200e-02 0 1 0 1 31 f  0 1 0 1 30 f  81BuVaKa.31
365789.102 0.022 2.200e-02 0 1 0 1 32 f  0 1 0 1 31 f  81BuVaKa.32
479954.925 0.022 2.200e-02 0 1 0 1 42 f  0 1 0 1 41 f  81BuVaKa.33
502775.011 0.022 2.200e-02 0 1 0 1 44 f  0 1 0 1 43 f  81BuVaKa.34
22754.57 0.02 2.000e-02 1 0 0 0 2 e  1 0 0 0 1 e  81BuVaKa.35
34131.63 0.01 1.000e-02 1 0 0 0 3 e  1 0 0 0 2 e  81BuVaKa.36
125144 0.08 8.000e-02 1 0 0 0 11 e  1 0 0 0 10 e  81BuVaKa.37
363922 0.068 6.800e-02 1 0 0 0 32 e  1 0 0 0 31 e  81BuVaKa.38
22891.663 0.02 2.000e-02 0 2 0 0 2 e  0 2 0 0 1 e  81BuVaKa.39
34337.45 0.01 1.000e-02 0 2 0 0 3 e  0 2 0 0 2 e  81BuVaKa.40
125898.9 0.013 1.300e-02 0 2 0 0 11 e  0 2 0 0 10 e  81BuVaKa.41
366138.71 0.016 1.600e-02 0 2 0 0 32 e  0 2 0 0 31 e  81BuVaKa.42
34350.073 0.025 2.500e-02 0 2 0 2 3 e  0 2 0 2 2 e  81BuVaKa.43
125943.69 0.04 4.000e-02 0 2 0 2 11 e  0 2 0 2 10 e  81BuVaKa.44
366224.93 0.016 1.600e-02 0 2 0 2 32 e  0 2 0 2 31 e  81BuVaKa.45
34350.073 0.025 2.500e-02 0 2 0 2 3 f  0 2 0 2 2 f  81BuVaKa.46
125944.57 0.03 3.000e-02 0 2 0 2 11 f  0 2 0 2 10 f  81BuVaKa.47
366248.7 0.016 1.600e-02 0 2 0 2 32 f  0 2 0 2 31 f  81BuVaKa.48
22819.404 0.02 2.000e-02 0 0 0 0 2 e  0 0 0 0 1 e  14DuDeBu.1
34229.045 0.03 3.000e-02 0 0 0 0 3 e  0 0 0 0 2 e  14DuDeBu.2
68457.288 0.03 3.000e-02 0 0 0 0 6 e  0 0 0 0 5 e  14DuDeBu.3
79866.446 0.02 2.000e-02 0 0 0 0 7 e  0 0 0 0 6 e  14DuDeBu.4
125500.89 0.05 5.000e-02 0 0 0 0 11 e  0 0 0 0 10 e  14DuDeBu.5
136908.755 0.03 3.000e-02 0 0 0 0 12 e  0 0 0 0 11 e  14DuDeBu.6
148316.344 0.03 3.000e-02 0 0 0 0 13 e  0 0 0 0 12 e  14DuDeBu.7
159723.574 0.02 2.000e-02 0 0 0 0 14 e  0 0 0 0 13 e  14DuDeBu.8
193942.886 0.03 3.000e-02 0 0 0 0 17 e  0 0 0 0 16 e  14DuDeBu.9
205348.392 0.03 3.000e-02 0 0 0 0 18 e  0 0 0 0 17 e  14DuDeBu.10
216753.488 0.03 3.000e-02 0 0 0 0 19 e  0 0 0 0 18 e  14DuDeBu.11
228158.026 0.03 3.000e-02 0 0 0 0 20 e  0 0 0 0 19 e  14DuDeBu.12
239562.039 0.03 3.000e-02 0 0 0 0 21 e  0 0 0 0 20 e  14DuDeBu.13
273770.554 0.03 3.000e-02 0 0 0 0 24 e  0 0 0 0 23 e  14DuDeBu.14
296572.97 0.03 3.000e-02 0 0 0 0 26 e  0 0 0 0 25 e  14DuDeBu.15
307973.113 0.03 4.012e-02 0 0 0 0 27 e  0 0 0 0 26 e  14DuDeBu.16
319372.529 0.03 3.000e-02 0 0 0 0 28 e  0 0 0 0 27 e  14DuDeBu.17
1070.59 0.07 7.000e-02 0 3 0 1 69 e  0 1 0 1 68 e  80La.1
1071.48 0.07 7.000e-02 0 3 0 1 69 f  0 1 0 1 68 f  80La.2
11409.72 0.1 1.000e-01 0 0 0 0 1 e  0 0 0 0 0 e  82KiMi.1
11377.29 0.1 1.000e-01 1 0 0 0 1 e  1 0 0 0 0 e  82KiMi.2
22819.404 0.1 1.000e-01 0 0 0 0 2 e  0 0 0 0 1 e  82KiMi.3
22848.653 0.1 1.000e-01 0 1 0 1 2 e  0 1 0 1 1 e  82KiMi.4
22871.228 0.1 1.000e-01 0 1 0 1 2 f  0 1 0 1 1 f  82KiMi.5
22754.57 0.1 1.000e-01 1 0 0 0 2 e  1 0 0 0 1 e  82KiMi.6
22891.663 0.1 1.000e-01 0 2 0 0 2 e  0 2 0 0 1 e  82KiMi.7
22788.585 0.1 1.000e-01 1 1 0 1 2 e  1 1 0 1 1 e  82KiMi.8
22812.77 0.1 1.000e-01 1 1 0 1 2 f  1 1 0 1 1 f  82KiMi.9
22946.543 0.1 1.000e-01 0 3 0 1 2 f  0 3 0 1 1 f  82KiMi.10
22902.513 0.1 1.000e-01 0 3 0 1 2 e  0 3 0 1 1 e  82KiMi.11
22688.524 0.1 1.000e-01 2 0 0 0 2 e  2 0 0 0 1 e  82KiMi.12
22946.541 0.1 1.000e-01 0 3 0 1 2 f  0 3 0 1 1 f  82KiMi.13
22902.513 0.1 1.000e-01 0 3 0 1 2 e  0 3 0 1 1 e  82KiMi.14
22891.663 0.1 1.000e-01 0 2 0 0 2 e  0 2 0 0 1 e  82KiMi.15
34229.045 0.1 1.000e-01 0 0 0 0 3 e  0 0 0 0 2 e  82KiMi.16
22902.513 0.1 1.000e-01 0 3 0 1 2 e  0 3 0 1 1 e  82KiMi.17
22835.26 0.1 1.000e-01 1 2 0 0 2 e  1 2 0 0 1 e  82KiMi.18
22946.541 0.1 1.000e-01 0 3 0 1 2 f  0 3 0 1 1 f  82KiMi.19
22812.773 0.1 1.000e-01 1 1 0 1 2 f  1 1 0 1 1 f  82KiMi.21
22788.585 0.1 1.000e-01 1 1 0 1 2 e  1 1 0 1 1 e  82KiMi.22
22754.57 0.1 1.000e-01 1 0 0 0 2 e  1 0 0 0 1 e  82KiMi.23
22688.524 0.1 1.000e-01 2 0 0 0 2 e  2 0 0 0 1 e  82KiMi.24
11.30655 0.0005 5.000e-04 0 1 0 1 1 f  0 1 0 1 1 e  74ReDy.8
33.91795 0.001 1.000e-03 0 1 0 1 2 f  0 1 0 1 2 e  74ReDy.9
67.8355 0.001 1.000e-03 0 1 0 1 3 f  0 1 0 1 3 e  74ReDy.10
113.0585 0.001 1.000e-03 0 1 0 1 4 f  0 1 0 1 4 e  74ReDy.11
169.58685 0.001 1.000e-03 0 1 0 1 5 f  0 1 0 1 5 e  74ReDy.12
237.41975 0.001 1.000e-03 0 1 0 1 6 f  0 1 0 1 6 e  74ReDy.13
316.55685 0.001 1.000e-03 0 1 0 1 7 f  0 1 0 1 7 e  74ReDy.14
8369.97 0.07 7.000e-02 0 1 0 1 38 f  0 1 0 1 38 e  73MaJo.1
8810 0.07 7.000e-02 0 1 0 1 39 f  0 1 0 1 39 e  73MaJo.2
9261.36 0.07 7.000e-02 0 1 0 1 40 f  0 1 0 1 40 e  73MaJo.3
10197.81 0.07 7.000e-02 0 1 0 1 42 f  0 1 0 1 42 e  73MaJo.4
11179.1 0.1 1.000e-01 0 1 0 1 44 f  0 1 0 1 44 e  73MaJo.5
11686.59 0.1 1.000e-01 0 1 0 1 45 f  0 1 0 1 45 e  73MaJo.6
12735.24 0.07 7.000e-02 0 1 0 1 47 f  0 1 0 1 47 e  73MaJo.7
13276.41 0.07 7.000e-02 0 1 0 1 48 f  0 1 0 1 48 e  73MaJo.8
14392.2 0.1 1.000e-01 0 1 0 1 50 f  0 1 0 1 50 e  73MaJo.9
22819.404 0.02 2.000e-02 0 0 0 0 2 e  0 0 0 0 1 e  73MaJo.10
34229.045 0.03 3.000e-02 0 0 0 0 3 e  0 0 0 0 2 e  73MaJo.11
68457.288 0.03 3.000e-02 0 0 0 0 6 e  0 0 0 0 5 e  80DuDeBu.1
79866.446 0.02 2.000e-02 0 0 0 0 7 e  0 0 0 0 6 e  80DuDeBu.2
125500.89 0.05 5.000e-02 0 0 0 0 11 e  0 0 0 0 10 e  73MaJo.12
136908.755 0.03 3.000e-02 0 0 0 0 12 e  0 0 0 0 11 e  80DuDeBu.3
148316.344 0.03 3.000e-02 0 0 0 0 13 e  0 0 0 0 12 e  80DuDeBu.4
159723.574 0.02 2.000e-02 0 0 0 0 14 e  0 0 0 0 13 e  80DuDeBu.5
193942.866 0.03 3.000e-02 0 0 0 0 17 e  0 0 0 0 16 e  80DuDeBu.6
205348.392 0.03 3.000e-02 0 0 0 0 18 e  0 0 0 0 17 e  80DuDeBu.7
216753.488 0.03 3.000e-02 0 0 0 0 19 e  0 0 0 0 18 e  80DuDeBu.8
228158.026 0.03 3.000e-02 0 0 0 0 20 e  0 0 0 0 19 e  80DuDeBu.9
239562.039 0.03 3.000e-02 0 0 0 0 21 e  0 0 0 0 20 e  80DuDeBu.10
273770.554 0.03 3.000e-02 0 0 0 0 24 e  0 0 0 0 23 e  80DuDeBu.11
296572.97 0.03 3.000e-02 0 0 0 0 26 e  0 0 0 0 25 e  80DuDeBu.12
22891.663 0.02 2.000e-02 0 2 0 0 2 e  0 2 0 0 1 e  73MaJo.13
22754.57 0.02 2.000e-02 1 0 0 0 2 e  1 0 0 0 1 e  73MaJo.14
34337.45 0.1 1.000e-01 0 2 0 0 3 e  0 2 0 0 2 e  73MaJo.15
34350.073 0.03 3.000e-02 0 2 0 2 3 e  0 2 0 2 2 e  73MaJo.16
34131.83 0.1 2.010e-01 1 0 0 0 3 e  1 0 0 0 2 e  73MaJo.17
125898.9 0.13 1.300e-01 0 2 0 0 11 e  0 2 0 0 10 e  73MaJo.18
125943.69 0.04 4.000e-02 0 2 0 2 11 e  0 2 0 2 10 e  73MaJo.19
125144.13 0.08 8.000e-02 1 0 0 0 11 e  1 0 0 0 10 e  73MaJo.20
22679.38 0.08 8.000e-02 0 0 1 0 2 e  0 0 1 0 1 e  73MaJo.21
22835.26 0.1 1.000e-01 1 2 0 0 2 e  1 2 0 0 1 e  73MaJo.22
22688.524 0.04 4.000e-02 2 0 0 0 2 e  2 0 0 0 1 e  73MaJo.23
34252.84 0.07 7.000e-02 1 2 0 0 3 e  1 2 0 0 2 e  73MaJo.24
34268.13 0.1 1.000e-01 1 2 0 2 3 e  1 2 0 2 2 e  73MaJo.25
57394.41 0.08 8.000e-02 0 4 0 2 5 e  0 4 0 2 4 e  73MaJo.26
57447.96 0.1 1.000e-01 0 4 0 4 5 e  0 4 0 4 4 e  73MaJo.27
126380.09 0.2 2.000e-01 0 4 0 4 11 e  0 4 0 4 10 e  73MaJo.28
125642.41 0.15 1.500e-01 1 2 0 2 11 e  1 2 0 2 10 e  73MaJo.29
22871.228 0.02 2.000e-02 0 1 0 1 2 f  0 1 0 1 1 f  73MaJo.30
34306.73 0.1 1.000e-01 0 1 0 1 3 f  0 1 0 1 2 f  73MaJo.31
22946.543 0.04 4.000e-02 0 3 0 1 2 f  0 3 0 1 1 f  73MaJo.32
22812.773 0.04 4.000e-02 1 1 0 1 2 f  1 1 0 1 1 f  73MaJo.33
34419.83 0.15 1.500e-01 0 3 0 1 3 f  0 3 0 1 2 f  73MaJo.34
34219.151 0.03 3.000e-02 1 1 0 1 3 f  1 1 0 1 2 f  73MaJo.35
22848.653 0.03 3.000e-02 0 1 0 1 2 e  0 1 0 1 1 e  73MaJo.36
34272.92 0.04 4.730e-02 0 1 0 1 3 e  0 1 0 1 2 e  73MaJo.37
125661.45 0.03 3.000e-02 0 1 0 1 11 e  0 1 0 1 10 e  73MaJo.38
22902.513 0.03 3.000e-02 0 3 0 1 2 e  0 3 0 1 1 e  73MaJo.39
22788.585 0.04 4.000e-02 1 1 0 1 2 e  1 1 0 1 1 e  73MaJo.40
34353.748 0.04 4.000e-02 0 3 0 1 3 e  0 3 0 1 2 e  73MaJo.41
34182.85 0.15 1.500e-01 1 1 0 1 3 e  1 1 0 1 2 e  73MaJo.42
57349.313 0.03 3.000e-02 0 3 0 3 5 e  0 3 0 3 4 e  73MaJo.43
126162.98 0.07 7.000e-02 0 3 0 3 11 e  0 3 0 3 10 e  73MaJo.44
34350.073 0.03 3.000e-02 0 2 0 2 3 f  0 2 0 2 2 f  73MaJo.45
125944.57 0.03 3.000e-02 0 2 0 2 11 f  0 2 0 2 10 f  73MaJo.46
34268.13 0.1 1.000e-01 1 2 0 2 3 f  1 2 0 2 2 f  73MaJo.47
125643.55 0.15 1.500e-01 1 2 0 2 11 f  1 2 0 2 10 f  73MaJo.48
57394.71 0.08 8.000e-02 0 4 0 2 5 f  0 4 0 2 4 f  73MaJo.49
22819.404 0.02 2.000e-02 0 0 0 0 2 e  0 0 0 0 1 e  74Ma.1
34229.045 0.03 3.000e-02 0 0 0 0 3 e  0 0 0 0 2 e  74Ma.2
125500.89 0.03 3.000e-03 0 0 0 0 11 e  0 0 0 0 10 e  74Ma.3
22819.3 0.07 1.041e-01 0 0 0 0 2 e  0 0 0 0 1 e  50PaCh.1
11409.708 0.004 4.000e-03 0 0 0 0 1 e  0 0 0 0 0 e  87LoSu.1
34272.92 0.1 1.000e-01 0 1 0 1 3 e  0 1 0 1 2 e  82KiMi.25
34306.73 0.1 1.000e-01 0 1 0 1 3 f  0 1 0 1 2 f  82KiMi.26
34350.073 0.1 1.000e-01 0 2 0 2 3 e  0 2 0 2 2 e  82KiMi.27
34337.45 0.1 1.000e-01 0 2 0 0 3 e  0 2 0 0 2 e  82KiMi.28
34182.85 0.1 1.000e-01 1 1 0 1 3 e  1 1 0 1 2 e  82KiMi.29
34219.151 0.1 1.000e-01 1 1 0 1 3 f  1 1 0 1 2 f  82KiMi.30
34353.748 0.1 1.000e-01 0 3 0 1 3 e  0 3 0 1 2 e  82KiMi.31
34419.83 0.1 1.000e-01 0 3 0 1 3 f  0 3 0 1 2 f  82KiMi.32
34032.79 0.1 1.000e-01 2 0 0 0 3 e  2 0 0 0 2 e  82KiMi.33
34268.13 0.1 1.000e-01 1 2 0 2 3 e  1 2 0 2 2 e  82KiMi.34
34252.84 0.1 1.000e-01 1 2 0 0 3 e  1 2 0 0 2 e  82KiMi.35
34131.83 0.1 2.010e-01 1 0 0 0 3 e  1 0 0 0 2 e  82KiMi.36
45638.59 0.1 1.000e-01 0 0 0 0 4 e  0 0 0 0 3 e  82KiMi.37
45697.1 0.1 1.000e-01 0 1 0 1 4 e  0 1 0 1 3 e  82KiMi.38
45742.3 0.1 1.000e-01 0 1 0 1 4 f  0 1 0 1 3 f  82KiMi.39
68457.35 0.1 1.000e-01 0 0 0 0 6 e  0 0 0 0 5 e  82KiMi.40
68545 0.1 1.000e-01 0 1 0 1 6 e  0 1 0 1 5 e  82KiMi.41
68612.9 0.1 1.000e-01 0 1 0 1 6 f  0 1 0 1 5 f  82KiMi.42
57048.04 0.1 1.000e-01 0 0 0 0 5 e  0 0 0 0 4 e  82KiMi.43
57121.1 0.1 1.000e-01 0 1 0 1 5 e  0 1 0 1 4 e  82KiMi.44
57177.6 0.1 1.000e-01 0 1 0 1 5 f  0 1 0 1 4 f  82KiMi.45
79866.49 0.1 1.000e-01 0 0 0 0 7 e  0 0 0 0 6 e  82KiMi.46
79968.7 0.1 1.000e-01 0 1 0 1 7 e  0 1 0 1 6 e  82KiMi.47
80047.9 0.1 1.000e-01 0 1 0 1 7 f  0 1 0 1 6 f  82KiMi.48
91275.45 0.1 1.000e-01 0 0 0 0 8 e  0 0 0 0 7 e  82KiMi.49
91392.3 0.1 1.000e-01 0 1 0 1 8 e  0 1 0 1 7 e  82KiMi.50
91482.7 0.1 1.000e-01 0 1 0 1 8 f  0 1 0 1 7 f  82KiMi.51
114092.67 0.1 1.000e-01 0 0 0 0 10 e  0 0 0 0 9 e  82KiMi.52
114239 0.1 1.000e-01 0 1 0 1 10 e  0 1 0 1 9 e  82KiMi.53
114352 0.1 1.000e-01 0 1 0 1 10 f  0 1 0 1 9 f  82KiMi.54
102684.18 0.1 1.000e-01 0 0 0 0 9 e  0 0 0 0 8 e  82KiMi.55
102815.6 0.1 1.000e-01 0 1 0 1 9 e  0 1 0 1 8 e  82KiMi.56
102917.3 0.1 1.000e-01 0 1 0 1 9 f  0 1 0 1 8 f  82KiMi.57
125500.89 0.1 1.000e-01 0 0 0 0 11 e  0 0 0 0 10 e  82KiMi.58
125786 1 1.000e-01 0 1 0 1 11 f  0 1 0 1 10 f  82KiMi.60
136908.81 0.1 1.000e-01 0 0 0 0 12 e  0 0 0 0 11 e  82KiMi.61
137084 1 1.000e-01 0 1 0 1 12 e  0 1 0 1 11 e  82KiMi.62
137219 1 1.000e-01 0 1 0 1 12 f  0 1 0 1 11 f  82KiMi.63
159723.64 0.1 1.000e-01 0 0 0 0 14 e  0 0 0 0 13 e  82KiMi.64
159928 1 1.000e-01 0 1 0 1 14 e  0 1 0 1 13 e  82KiMi.65
159928 1 1.000e-01 0 1 0 1 14 f  0 1 0 1 13 f  82KiMi.66
148316.4 0.1 1.000e-01 0 0 0 0 13 e  0 0 0 0 12 e  82KiMi.67
148506 1 1.000e-01 0 1 0 1 13 e  0 1 0 1 12 e  82KiMi.68
148653 1 1.000e-01 0 1 0 1 13 f  0 1 0 1 12 f  82KiMi.69
171130.49 0.1 1.000e-01 0 0 0 0 15 e  0 0 0 0 14 e  82KiMi.70
171349 1 1.000e-01 0 1 0 1 15 e  0 1 0 1 14 e  82KiMi.71
171519 1 1.000e-01 0 1 0 1 15 f  0 1 0 1 14 f  82KiMi.72
182536.94 0.1 1.000e-01 0 0 0 0 16 e  0 0 0 0 15 e  82KiMi.73
182770 1 1.000e-01 0 1 0 1 16 e  0 1 0 1 15 e  82KiMi.74
182770 1 1.000e-01 0 1 0 1 16 f  0 1 0 1 15 f  82KiMi.75
205348.5 0.1 1.044e-01 0 0 0 0 18 e  0 0 0 0 17 e  82KiMi.76
205610 1 1.000e-01 0 1 0 1 18 e  0 1 0 1 17 e  82KiMi.77
205814 1 1.000e-01 0 1 0 1 18 f  0 1 0 1 17 f  82KiMi.78
193942.95 0.1 1.000e-01 0 0 0 0 17 e  0 0 0 0 16 e  82KiMi.79
194190 1 1.000e-01 0 1 0 1 17 e  0 1 0 1 16 e  82KiMi.80
194382 1 1.000e-01 0 1 0 1 17 f  0 1 0 1 16 f  82KiMi.81
216753.56 0.1 1.000e-01 0 0 0 0 19 e  0 0 0 0 18 e  82KiMi.82
217030 1 1.000e-01 0 1 0 1 19 e  0 1 0 1 18 e  82KiMi.83
217244 1 1.000e-01 0 1 0 1 19 f  0 1 0 1 18 f  82KiMi.84
228158.1 0.1 1.000e-01 0 0 0 0 20 e  0 0 0 0 19 e  82KiMi.85
228449 1 1.000e-01 0 1 0 1 20 e  0 1 0 1 19 e  82KiMi.86
228675 1 1.000e-01 0 1 0 1 20 f  0 1 0 1 19 f  82KiMi.87
250965.52 0.1 1.000e-01 0 0 0 0 22 e  0 0 0 0 21 e  82KiMi.88
251285 1 1.000e-01 0 1 0 1 22 e  0 1 0 1 21 e  82KiMi.89
251533 1 1.000e-01 0 1 0 1 22 f  0 1 0 1 21 f  82KiMi.90
239562.09 0.1 1.000e-01 0 0 0 0 21 e  0 0 0 0 20 e  82KiMi.91
239867 1 1.000e-01 0 1 0 1 21 e  0 1 0 1 20 e  82KiMi.92
240104 1 1.000e-01 0 1 0 1 21 f  0 1 0 1 20 f  82KiMi.93
262368.34 0.1 1.000e-01 0 0 0 0 23 e  0 0 0 0 22 e  82KiMi.94
262702 1 1.000e-01 0 1 0 1 23 e  0 1 0 1 22 e  82KiMi.95
262962 1 1.000e-01 0 1 0 1 23 f  0 1 0 1 22 f  82KiMi.96
273770.54 0.1 1.000e-01 0 0 0 0 24 e  0 0 0 0 23 e  82KiMi.97
274118 1 1.000e-01 0 1 0 1 24 e  0 1 0 1 23 e  82KiMi.98
274389 1 1.000e-01 0 1 0 1 24 f  0 1 0 1 23 f  82KiMi.99
285172.08 0.1 1.000e-01 0 0 0 0 25 e  0 0 0 0 24 e  82KiMi.100
285534 1 1.000e-01 0 1 0 1 25 e  0 1 0 1 24 e  82KiMi.101
285816 1 1.000e-01 0 1 0 1 25 f  0 1 0 1 24 f  82KiMi.102
