1042.78623 0.00008 0.00008 0 2 0 0 5 e 0 0 0 0 6 e 90ToHoAl.1
1042.39774 0.00008 0.00008 0 2 0 0 6 e 0 0 0 0 7 e 90ToHoAl.2
1042.01052 0.00008 0.00008 0 2 0 0 7 e 0 0 0 0 8 e 90ToHoAl.3
1041.62465 0.00008 0.00008 0 2 0 0 8 e 0 0 0 0 9 e 90ToHoAl.4
1040.85671 0.00008 0.00008 0 2 0 0 10 e 0 0 0 0 11 e 90ToHoAl.6
1040.47465 0.00008 0.00008 0 2 0 0 11 e 0 0 0 0 12 e 90ToHoAl.7
1040.09364 0.00008 0.00008 0 2 0 0 12 e 0 0 0 0 13 e 90ToHoAl.8
1039.71384 0.00008 0.00008 0 2 0 0 13 e 0 0 0 0 14 e 90ToHoAl.9
1039.33557 0.00008 0.00008 0 2 0 0 14 e 0 0 0 0 15 e 90ToHoAl.10
1038.95830 0.00008 0.00008 0 2 0 0 15 e 0 0 0 0 16 e 90ToHoAl.11
1038.58245 0.00008 0.00008 0 2 0 0 16 e 0 0 0 0 17 e 90ToHoAl.12
1038.20788 0.00008 0.00008 0 2 0 0 17 e 0 0 0 0 18 e 90ToHoAl.13
1037.83440 0.00008 0.00008 0 2 0 0 18 e 0 0 0 0 19 e 90ToHoAl.14
1037.46242 0.00008 0.00008 0 2 0 0 19 e 0 0 0 0 20 e 90ToHoAl.15
1037.09171 0.00008 0.00008 0 2 0 0 20 e 0 0 0 0 21 e 90ToHoAl.16
1036.72233 0.00008 0.00008 0 2 0 0 21 e 0 0 0 0 22 e 90ToHoAl.17
1036.35393 0.00008 0.00008 0 2 0 0 22 e 0 0 0 0 23 e 90ToHoAl.18
1035.98692 0.00008 0.00008 0 2 0 0 23 e 0 0 0 0 24 e 90ToHoAl.19
1035.25696 0.00008 0.00008 0 2 0 0 25 e 0 0 0 0 26 e 90ToHoAl.20
1034.89432 0.00008 0.00008 0 2 0 0 26 e 0 0 0 0 27 e 90ToHoAl.21
1034.53235 0.00008 0.00008 0 2 0 0 27 e 0 0 0 0 28 e 90ToHoAl.22
1034.17195 0.00008 0.00008 0 2 0 0 28 e 0 0 0 0 29 e 90ToHoAl.23
1033.81282 0.00008 0.00008 0 2 0 0 29 e 0 0 0 0 30 e 90ToHoAl.24
1033.45517 0.00008 0.00008 0 2 0 0 30 e 0 0 0 0 31 e 90ToHoAl.25
1033.09871 0.00008 0.00008 0 2 0 0 31 e 0 0 0 0 32 e 90ToHoAl.26
1032.74377 0.00008 0.00008 0 2 0 0 32 e 0 0 0 0 33 e 90ToHoAl.27
1032.38988 0.00008 0.00008 0 2 0 0 33 e 0 0 0 0 34 e 90ToHoAl.28
1031.68660 0.00008 0.00008 0 2 0 0 35 e 0 0 0 0 36 e 90ToHoAl.29
1031.33695 0.00008 0.00008 0 2 0 0 36 e 0 0 0 0 37 e 90ToHoAl.30
1030.98892 0.00008 0.00008 0 2 0 0 37 e 0 0 0 0 38 e 90ToHoAl.31
1030.64229 0.00008 0.00008 0 2 0 0 38 e 0 0 0 0 39 e 90ToHoAl.32
1030.29663 0.00008 0.00008 0 2 0 0 39 e 0 0 0 0 40 e 90ToHoAl.33
1029.95253 0.00008 0.00008 0 2 0 0 40 e 0 0 0 0 41 e 90ToHoAl.34
1029.60976 0.00008 0.00008 0 2 0 0 41 e 0 0 0 0 42 e 90ToHoAl.35
1029.26845 0.00008 0.00008 0 2 0 0 42 e 0 0 0 0 43 e 90ToHoAl.36
1028.59014 0.00008 0.00008 0 2 0 0 44 e 0 0 0 0 45 e 90ToHoAl.37
1028.25332 0.00008 0.00008 0 2 0 0 45 e 0 0 0 0 46 e 90ToHoAl.38
1027.91758 0.00008 0.00008 0 2 0 0 46 e 0 0 0 0 47 e 90ToHoAl.39
1027.58369 0.00008 0.00008 0 2 0 0 47 e 0 0 0 0 48 e 90ToHoAl.40
1026.26162 0.00008 0.00008 0 2 0 0 51 e 0 0 0 0 52 e 90ToHoAl.41
1025.93506 0.00008 0.00008 0 2 0 0 52 e 0 0 0 0 53 e 90ToHoAl.42
1024.96390 0.00008 0.00008 0 2 0 0 55 e 0 0 0 0 56 e 90ToHoAl.43
1046.73788 0.00008 0.00008 0 2 0 0 4 e 0 0 0 0 3 e 90ToHoAl.44
1047.14029 0.00008 0.00008 0 2 0 0 5 e 0 0 0 0 4 e 90ToHoAl.45
1047.54280 0.00008 0.00008 0 2 0 0 6 e 0 0 0 0 5 e 90ToHoAl.46
1047.94764 0.00008 0.00008 0 2 0 0 7 e 0 0 0 0 6 e 90ToHoAl.47
1049.16791 0.00008 0.00008 0 2 0 0 10 e 0 0 0 0 9 e 90ToHoAl.48
1049.98798 0.00008 0.00008 0 2 0 0 12 e 0 0 0 0 11 e 90ToHoAl.50
1050.39963 0.00008 0.00008 0 2 0 0 13 e 0 0 0 0 12 e 90ToHoAl.51
1050.81259 0.00008 0.00008 0 2 0 0 14 e 0 0 0 0 13 e 90ToHoAl.52
1051.22692 0.00008 0.00008 0 2 0 0 15 e 0 0 0 0 14 e 90ToHoAl.53
1051.64234 0.00008 0.00008 0 2 0 0 16 e 0 0 0 0 15 e 90ToHoAl.54
1052.05898 0.00008 0.00008 0 2 0 0 17 e 0 0 0 0 16 e 90ToHoAl.55
1052.47693 0.00008 0.00008 0 2 0 0 18 e 0 0 0 0 17 e 90ToHoAl.56
1052.89611 0.00008 0.00008 0 2 0 0 19 e 0 0 0 0 18 e 90ToHoAl.57
1053.31641 0.00008 0.00008 0 2 0 0 20 e 0 0 0 0 19 e 90ToHoAl.58
1053.73816 0.00008 0.00008 0 2 0 0 21 e 0 0 0 0 20 e 90ToHoAl.59
1055.01050 0.00008 0.00008 0 2 0 0 24 e 0 0 0 0 23 e 90ToHoAl.60
1055.43703 0.00008 0.00008 0 2 0 0 25 e 0 0 0 0 24 e 90ToHoAl.61
1055.86504 0.00008 0.00008 0 2 0 0 26 e 0 0 0 0 25 e 90ToHoAl.62
1058.89609 0.00008 0.00008 0 2 0 0 33 e 0 0 0 0 32 e 90ToHoAl.63
1059.33395 0.00008 0.00008 0 2 0 0 34 e 0 0 0 0 33 e 90ToHoAl.64
1059.77348 0.00008 0.00008 0 2 0 0 35 e 0 0 0 0 34 e 90ToHoAl.65
1060.21426 0.00008 0.00008 0 2 0 0 36 e 0 0 0 0 35 e 90ToHoAl.66
1060.65608 0.00008 0.00008 0 2 0 0 37 e 0 0 0 0 36 e 90ToHoAl.67
1061.09943 0.00008 0.00008 0 2 0 0 38 e 0 0 0 0 37 e 90ToHoAl.68
1061.54413 0.00008 0.00008 0 2 0 0 39 e 0 0 0 0 38 e 90ToHoAl.69
1061.98993 0.00008 0.00008 0 2 0 0 40 e 0 0 0 0 39 e 90ToHoAl.70
1062.43691 0.00008 0.00008 0 2 0 0 41 e 0 0 0 0 40 e 90ToHoAl.71
1062.88568 0.00008 0.00008 0 2 0 0 42 e 0 0 0 0 41 e 90ToHoAl.72
1063.33569 0.00008 0.00008 0 2 0 0 43 e 0 0 0 0 42 e 90ToHoAl.73
1063.78698 0.00008 0.00008 0 2 0 0 44 e 0 0 0 0 43 e 90ToHoAl.74
1064.23921 0.00008 0.00008 0 2 0 0 45 e 0 0 0 0 44 e 90ToHoAl.75
1064.69350 0.00008 0.00008 0 2 0 0 46 e 0 0 0 0 45 e 90ToHoAl.76
1065.60536 0.00008 0.00008 0 2 0 0 48 e 0 0 0 0 47 e 90ToHoAl.77
1066.06357 0.00008 0.00008 0 2 0 0 49 e 0 0 0 0 48 e 90ToHoAl.78
1066.52276 0.00008 0.00008 0 2 0 0 50 e 0 0 0 0 49 e 90ToHoAl.79
1067.90956 0.00008 0.00008 0 2 0 0 53 e 0 0 0 0 52 e 90ToHoAl.80
1068.37498 0.00008 0.00008 0 2 0 0 54 e 0 0 0 0 53 e 90ToHoAl.81
1068.84085 0.00008 0.00008 0 2 0 0 55 e 0 0 0 0 54 e 90ToHoAl.82
1069.77812 0.00008 0.00008 0 2 0 0 57 e 0 0 0 0 56 e 90ToHoAl.83
1070.24926 0.00008 0.00008 0 2 0 0 58 e 0 0 0 0 57 e 90ToHoAl.84
1070.72100 0.00008 0.00008 0 2 0 0 59 e 0 0 0 0 58 e 90ToHoAl.85
517.26824 0.001 0.001 0 1 0 0 5 e 0 0 0 0 6 e 85JoHoKa.1
516.89549 0.001 0.001 0 1 0 0 6 e 0 0 0 0 7 e 85JoHoKa.2
516.11103 0.001 0.001 0 1 0 0 8 e 0 0 0 0 9 e 85JoHoKa.3
515.77960 0.001 0.001 0 1 0 0 9 e 0 0 0 0 10 e 85JoHoKa.4
514.93832 0.001 0.001 0 1 0 0 11 e 0 0 0 0 12 e 85JoHoKa.6
514.54841 0.001 0.001 0 1 0 0 12 e 0 0 0 0 13 e 85JoHoKa.7
514.15911 0.001 0.001 0 1 0 0 13 e 0 0 0 0 14 e 85JoHoKa.8
513.38150 0.001 0.001 0 1 0 0 15 e 0 0 0 0 16 e 85JoHoKa.9
512.99458 0.001 0.001 0 1 0 0 16 e 0 0 0 0 17 e 85JoHoKa.10
512.21963 0.001 0.001 0 1 0 0 18 e 0 0 0 0 19 e 85JoHoKa.12
511.83310 0.001 0.001 0 1 0 0 19 e 0 0 0 0 20 e 85JoHoKa.13
511.44770 0.001 0.001 0 1 0 0 20 e 0 0 0 0 21 e 85JoHoKa.14
511.06221 0.001 0.001 0 1 0 0 21 e 0 0 0 0 22 e 85JoHoKa.15
510.67723 0.001 0.001 0 1 0 0 22 e 0 0 0 0 23 e 85JoHoKa.16
510.29304 0.001 0.001 0 1 0 0 23 e 0 0 0 0 24 e 85JoHoKa.17
509.90919 0.001 0.001 0 1 0 0 24 e 0 0 0 0 25 e 85JoHoKa.18
509.52577 0.001 0.001 0 1 0 0 25 e 0 0 0 0 26 e 85JoHoKa.19
509.14299 0.001 0.001 0 1 0 0 26 e 0 0 0 0 27 e 85JoHoKa.20
508.37880 0.001 0.001 0 1 0 0 28 e 0 0 0 0 29 e 85JoHoKa.21
507.99735 0.001 0.001 0 1 0 0 29 e 0 0 0 0 30 e 85JoHoKa.22
507.61691 0.001 0.001 0 1 0 0 30 e 0 0 0 0 31 e 85JoHoKa.23
507.23661 0.001 0.001 0 1 0 0 31 e 0 0 0 0 32 e 85JoHoKa.24
506.85706 0.001 0.001 0 1 0 0 32 e 0 0 0 0 33 e 85JoHoKa.25
506.47779 0.001 0.001 0 1 0 0 33 e 0 0 0 0 34 e 85JoHoKa.26
506.09844 0.001 0.001 0 1 0 0 34 e 0 0 0 0 35 e 85JoHoKa.27
523.23969 0.001 0.001 0 1 0 0 9 e 0 0 0 0 8 e 85JoHoKa.28
524.04150 0.001 0.001 0 1 0 0 11 e 0 0 0 0 10 e 85JoHoKa.30
524.44313 0.001 0.001 0 1 0 0 12 e 0 0 0 0 11 e 85JoHoKa.31
524.84504 0.001 0.001 0 1 0 0 13 e 0 0 0 0 12 e 85JoHoKa.32
525.24733 0.001 0.001 0 1 0 0 14 e 0 0 0 0 13 e 85JoHoKa.33
525.65048 0.001 0.001 0 1 0 0 15 e 0 0 0 0 14 e 85JoHoKa.34
526.05400 0.001 0.001 0 1 0 0 16 e 0 0 0 0 15 e 85JoHoKa.35
527.67251 0.001 0.001 0 1 0 0 20 e 0 0 0 0 19 e 85JoHoKa.37
528.07829 0.001 0.001 0 1 0 0 21 e 0 0 0 0 20 e 85JoHoKa.38
528.48454 0.001 0.001 0 1 0 0 22 e 0 0 0 0 21 e 85JoHoKa.39
528.89139 0.001 0.001 0 1 0 0 23 e 0 0 0 0 22 e 85JoHoKa.40
529.29811 0.001 0.001 0 1 0 0 24 e 0 0 0 0 23 e 85JoHoKa.41
530.11406 0.001 0.001 0 1 0 0 26 e 0 0 0 0 25 e 85JoHoKa.42
530.52293 0.001 0.001 0 1 0 0 27 e 0 0 0 0 26 e 85JoHoKa.43
530.93138 0.001 0.001 0 1 0 0 28 e 0 0 0 0 27 e 85JoHoKa.44
531.34124 0.001 0.001 0 1 0 0 29 e 0 0 0 0 28 e 85JoHoKa.45
532.16128 0.001 0.001 0 1 0 0 31 e 0 0 0 0 30 e 85JoHoKa.46
533.39530 0.001 0.001 0 1 0 0 34 e 0 0 0 0 33 e 85JoHoKa.47
533.80725 0.001 0.001 0 1 0 0 35 e 0 0 0 0 34 e 85JoHoKa.48
534.21975 0.001 0.001 0 1 0 0 36 e 0 0 0 0 35 e 85JoHoKa.49
534.63278 0.001 0.001 0 1 0 0 37 e 0 0 0 0 36 e 85JoHoKa.50
535.04635 0.001 0.001 0 1 0 0 38 e 0 0 0 0 37 e 85JoHoKa.51
535.46042 0.001 0.001 0 1 0 0 39 e 0 0 0 0 38 e 85JoHoKa.52
535.87443 0.001 0.001 0 1 0 0 40 e 0 0 0 0 39 e 85JoHoKa.53
536.28924 0.001 0.001 0 1 0 0 41 e 0 0 0 0 40 e 85JoHoKa.54
536.70437 0.001 0.001 0 1 0 0 42 e 0 0 0 0 41 e 85JoHoKa.55
537.12024 0.001 0.001 0 1 0 0 43 e 0 0 0 0 42 e 85JoHoKa.56
538.78692 0.001 0.001 0 1 0 0 47 e 0 0 0 0 46 e 85JoHoKa.57
539.20463 0.001 0.001 0 1 0 0 48 e 0 0 0 0 47 e 85JoHoKa.58
539.62281 0.001 0.001 0 1 0 0 49 e 0 0 0 0 48 e 85JoHoKa.59
542.14167 0.001 0.001 0 1 0 0 54 e 0 0 0 0 53 e 85JoHoKa.60
47520.743 0.05 0.05 0 1 1 0 4 e 0 1 1 0 3 e 84TaItTa.1
47589.276 0.05 0.05 0 1 1 0 4 f 0 1 1 0 3 f 84TaItTa.2
58400.690 0.05 0.05 0 1 1 0 5 e 0 1 1 0 4 e 84TaItTa.3
58461.407 0.05 0.05 0 1 1 0 5 f 0 1 1 0 4 f 84TaItTa.4
71280.504 0.05 0.05 0 1 1 0 6 e 0 1 1 0 5 e 84TaItTa.5
71353.332 0.05 0.05 0 1 1 0 6 f 0 1 1 0 5 f 84TaItTa.6
106918.669 0.05 0.05 0 1 1 0 9 e 0 1 1 0 8 e 84TaItTa.7
107027.908 0.05 0.05 0 1 1 0 9 f 0 1 1 0 8 f 84TaItTa.8
118797.570 0.05 0.05 0 1 1 0 10 e 0 1 1 0 9 e 84TaItTa.9
118918.930 0.05 0.05 0 1 1 0 10 f 0 1 1 0 9 f 84TaItTa.10
130676.117 0.05 0.05 0 1 1 0 11 e 0 1 1 0 10 e 84TaItTa.11
130803.671 0.05 0.05 0 1 1 0 11 f 0 1 1 0 10 f 84TaItTa.12
47609.814 0.05 0.05 0 2 0 0 4 e 0 2 0 0 3 e 84TaItTa.13
58512.111 0.05 0.05 0 2 0 0 5 e 0 2 0 0 4 e 84TaItTa.14
71414.262 0.05 0.05 0 2 0 0 6 e 0 2 0 0 5 e 84TaItTa.15
107119.639 0.05 0.05 0 2 0 0 9 e 0 2 0 0 8 e 84TaItTa.16
107156.830 0.05 0.05 0 2 2 0 9 e 0 2 2 0 8 e 84TaItTa.17
107157.476 0.05 0.05 0 2 2 0 9 f 0 2 2 0 8 f 84TaItTa.18
119021.020 0.05 0.05 0 2 0 0 10 e 0 2 0 0 9 e 84TaItTa.19
119061.995 0.05 0.05 0 2 2 0 10 e 0 2 2 0 9 e 84TaItTa.20
119062.876 0.05 0.05 0 2 2 0 10 f 0 2 2 0 9 f 84TaItTa.21
130922.165 0.05 0.05 0 2 0 0 11 e 0 2 0 0 10 e 84TaItTa.22
130966.805 0.05 0.05 0 2 2 0 11 e 0 2 2 0 10 e 84TaItTa.23
130967.973 0.05 0.05 0 2 2 0 11 f 0 2 2 0 10 f 84TaItTa.24
47629.361 0.05 0.05 0 3 1 0 4 e 0 3 1 0 3 e 84TaItTa.25
47724.101 0.05 0.05 0 3 1 0 4 f 0 3 1 0 3 f 84TaItTa.26
59536.502 0.05 0.05 0 3 1 0 5 e 0 3 1 0 4 e 84TaItTa.27
59654.913 0.05 0.05 0 3 1 0 5 f 0 3 1 0 4 f 84TaItTa.28
71443.477 0.05 0.05 0 3 1 0 6 e 0 3 1 0 5 e 84TaItTa.29
71585.613 0.05 0.05 0 3 1 0 6 f 0 3 1 0 5 f 84TaItTa.30
107163.316 0.05 0.05 0 3 1 0 9 e 0 3 1 0 8 e 84TaItTa.31
107376.488 0.05 0.05 0 3 1 0 9 f 0 3 1 0 8 f 84TaItTa.32
119069.444 0.05 0.05 0 3 1 0 10 e 0 3 1 0 9 e 84TaItTa.33
119306.312 0.05 0.05 0 3 1 0 10 f 0 3 1 0 9 f 84TaItTa.34
130975.283 0.05 0.05 0 3 1 0 11 e 0 3 1 0 10 e 84TaItTa.35
131235.816 0.05 0.05 0 3 1 0 11 f 0 3 1 0 10 f 84TaItTa.36
873.6628 0.001 0.001 1 0 0 0 74 e 0 0 0 0 73 e 90BlWaHiLa.1
869.9229 0.001 0.001 1 0 0 0 62 e 0 0 0 0 61 e 90BlWaHiLa.2
867.9837 0.001 0.001 1 0 0 0 56 e 0 0 0 0 55 e 90BlWaHiLa.3
863.2825 0.001 0.001 1 0 0 0 42 e 0 0 0 0 41 e 90BlWaHiLa.4
860.8405 0.001 0.001 1 0 0 0 35 e 0 0 0 0 34 e 90BlWaHiLa.5
860.1318 0.001 0.001 1 0 0 0 33 e 0 0 0 0 32 e 90BlWaHiLa.6
856.1464 0.001 0.001 1 0 0 0 22 e 0 0 0 0 21 e 90BlWaHiLa.7
854.2865 0.001 0.001 1 0 0 0 17 e 0 0 0 0 16 e 90BlWaHiLa.8
852.3966 0.001 0.001 1 0 0 0 12 e 0 0 0 0 11 e 90BlWaHiLa.11
850.4768 0.001 0.001 1 0 0 0 7 e 0 0 0 0 6 e 90BlWaHiLa.12
850.0893 0.001 0.001 1 0 0 0 6 e 0 0 0 0 5 e 90BlWaHiLa.13
849.7006 0.001 0.001 1 0 0 0 5 e 0 0 0 0 4 e 90BlWaHiLa.14
849.3107 0.001 0.001 1 0 0 0 4 e 0 0 0 0 3 e 90BlWaHiLa.15
841.6791 0.001 0.001 1 0 0 0 14 e 0 0 0 0 15 e 90BlWaHiLa.16
839.6005 0.001 0.001 1 0 0 0 19 e 0 0 0 0 20 e 90BlWaHiLa.19
839.1813 0.001 0.001 1 0 0 0 20 e 0 0 0 0 21 e 90BlWaHiLa.20
838.7609 0.001 0.001 1 0 0 0 21 e 0 0 0 0 22 e 90BlWaHiLa.21
838.3392 0.001 0.001 1 0 0 0 22 e 0 0 0 0 23 e 90BlWaHiLa.22
835.7858 0.001 0.001 1 0 0 0 28 e 0 0 0 0 29 e 90BlWaHiLa.23
835.7858 0.001 0.001 1 0 0 0 28 e 0 0 0 0 29 e 90BlWaHiLa.24
834.4933 0.001 0.001 1 0 0 0 31 e 0 0 0 0 32 e 90BlWaHiLa.25
833.1904 0.001 0.001 1 0 0 0 34 e 0 0 0 0 35 e 90BlWaHiLa.26
832.7538 0.001 0.001 1 0 0 0 35 e 0 0 0 0 36 e 90BlWaHiLa.27
832.7538 0.001 0.001 1 0 0 0 35 e 0 0 0 0 36 e 90BlWaHiLa.28
832.3161 0.001 0.001 1 0 0 0 36 e 0 0 0 0 37 e 90BlWaHiLa.29
832.3161 0.001 0.001 1 0 0 0 36 e 0 0 0 0 37 e 90BlWaHiLa.30
829.1436 0.001 0.001 1 0 0 0 43 e 0 0 0 0 44 e 90BlWaHiLa.31
828.7725 0.001 0.001 1 0 0 0 44 e 0 0 0 0 45 e 90BlWaHiLa.32
878.35590 0.00013 0.00013 1 0 0 0 90 e 0 0 0 0 89 e 81WePeMaSu.1
870.58088 0.00007 0.00007 1 0 0 0 64 e 0 0 0 0 63 e 81WePeMaSu.2
866.35439 0.00017 0.00017 1 0 0 0 51 e 0 0 0 0 50 e 81WePeMaSu.3
864.33363 0.00010 0.00010 1 0 0 0 45 e 0 0 0 0 44 e 81WePeMaSu.4
862.27371 0.00007 0.00007 1 0 0 0 39 e 0 0 0 0 38 e 81WePeMaSu.5
861.22443 0.00007 0.00007 1 0 0 0 36 e 0 0 0 0 35 e 81WePeMaSu.6
858.73037 0.00010 0.00010 1 0 0 0 29 e 0 0 0 0 28 e 81WePeMaSu.7
25363605 0.052 0.052 2 0 0 0 13 e 1 0 0 0 12 e 83WePeMa.1
25442061 0.050 0.050 2 0 0 0 20 e 1 0 0 0 19 e 83WePeMa.2
25453111 0.032 0.032 2 0 0 0 21 e 1 0 0 0 20 e 83WePeMa.3
25464153 0.020 0.020 2 0 0 0 22 e 1 0 0 0 21 e 83WePeMa.4
25131884 0.035 0.035 1 1 1 0 6 e 0 1 1 0 7 e 83WePeMa.5
25355721 0.020 0.020 1 1 1 0 12 e 0 1 1 0 11 e 83WePeMa.6
25435166 0.020 0.020 1 1 1 0 19 e 0 1 1 0 18 e 83WePeMa.7
25446378 0.072 0.072 1 1 1 0 20 e 0 1 1 0 19 e 83WePeMa.8
25479832 0.030 0.030 1 1 1 0 23 e 0 1 1 0 22 e 83WePeMa.9
25545735 0.060 0.060 1 1 1 0 29 e 0 1 1 0 28 e 83WePeMa.10
25131809 0.035 0.035 1 1 1 0 6 f 0 1 1 0 7 f 83WePeMa.11
25355942 0.020 0.020 1 1 1 0 12 f 0 1 1 0 11 f 83WePeMa.12
25367448 0.060 0.060 1 1 1 0 13 f 0 1 1 0 12 f 83WePeMa.13
25435573 0.020 0.020 1 1 1 0 19 f 0 1 1 0 18 f 83WePeMa.14
25446804 0.072 0.072 1 1 1 0 20 f 0 1 1 0 19 f 83WePeMa.15
25458010 0.030 0.030 1 1 1 0 21 f 0 1 1 0 20 f 83WePeMa.16
25480338 0.030 0.030 1 1 1 0 23 f 0 1 1 0 22 f 83WePeMa.17
25546484 0.060 0.060 1 1 1 0 29 f 0 1 1 0 28 f 83WePeMa.18
25557418 0.040 0.040 1 1 1 0 30 f 0 1 1 0 29 f 83WePeMa.19
25600738 0.030 0.030 1 1 1 0 34 f 0 1 1 0 33 f 83WePeMa.20
25809130 0.050 0.050 1 1 1 0 54 f 0 1 1 0 53 f 83WePeMa.21
23588.44 0.08 0.08 0 0 0 2 2 e 0 0 0 2 1 f 74Ma.1
23589.52 0.08 0.08 1 0 0 0 2 e 1 0 0 0 1 f 74Ma.2
23660.56 0.04 0.04 0 0 0 1 2 e 0 0 0 1 1 f 74Ma.3
23760.48 0.04 0.04 0 1 1 0 2 e 0 1 1 0 1 f 74Ma.4
23784.74 0.04 0.04 0 1 1 0 2 f 0 1 1 0 1 e 74Ma.5
23804.97 0.04 0.04 0 2 0 0 2 e 0 2 0 0 1 f 74Ma.6
35490.77 0.06 0.06 0 0 0 1 3 e 0 0 0 1 2 f 74Ma.7
35640.66 0.06 0.06 0 1 1 0 3 e 0 1 1 0 2 f 74Ma.8
35676.98 0.06 0.06 0 1 1 0 3 f 0 1 1 0 2 e 74Ma.9
35707.50 0.06 0.06 0 2 0 0 3 e 0 2 0 0 2 f 74Ma.10
35720.27 0.06 0.06 0 2 2 0 3 e 0 2 2 0 2 f 74Ma.11
1053.9235032 0.0033 0.0033 0 3 0 1 8 e 0 1 0 1 7 f 92MaLaFa.1
2055.1592524 0.0334 0.0334 0 1 1 1 2 e 0 1 0 1 1 e 92MaLaFa.2
2051.0758311 0.0334 0.0334 0 2 0 2 11 f 0 2 0 2 10 f 92MaLaFa.3
2046.9588766 0.0334 0.0334 0 2 1 2 3 f 0 2 0 2 2 f 92MaLaFa.4
2042.8085359 0.0334 0.0334 0 2 1 2 9 f 0 2 0 2 8 f 92MaLaFa.5
2041.0702547 0.0334 0.0334 0 2 1 2 13 e 0 2 0 2 14 e 92MaLaFa.6
2049.2089942 0.0334 0.0334 1 0 0 0 2 e 1 0 0 0 1 e 92MaLaFa.7
2051.0758311 0.0334 0.0334 1 1 1 1 2 f 1 1 0 1 1 e 92MaLaFa.8
2041.0702547 0.0334 0.0334 0 3 1 3 4 e 0 3 0 3 3 f 92MaLaFa.9
2037.1233301 0.0334 0.0334 0 3 1 3 5 e 0 3 0 3 4 e 92MaLaFa.10
791107.050 0.200 0.200 0 0 0 1 67 e 0 0 0 1 66 e 89VaJeWe.1
805302.973 0.200 0.200 0 0 0 0 68 e 0 0 0 0 67 e 89VaJeWe.2
807763.668 0.200 0.200 0 2 2 0 68 e 0 2 2 0 67 e 89VaJeWe.3
808049.576 0.200 0.200 0 2 2 0 68 f 0 2 2 0 67 f 89VaJeWe.4
808062.907 0.200 0.200 0 2 0 0 68 e 0 2 0 0 67 e 89VaJeWe.5
818081.708 0.200 0.200 0 1 1 0 69 e 0 1 1 0 68 e 89VaJeWe.6
818914.201 0.200 0.200 0 1 1 0 69 f 0 1 1 0 68 f 89VaJeWe.7